-50.000004 -0.086779
-49.900002 -0.086793
-49.800003 -0.086810
-49.700001 -0.086815
-49.600002 -0.086823
-49.500004 -0.086847
-49.400002 -0.086847
-49.300003 -0.086864
-49.200001 -0.086870
-49.100002 -0.086892
-49.000004 -0.086892
-48.900002 -0.086909
-48.800003 -0.086929
-48.700001 -0.086940
-48.600002 -0.086956
-48.500004 -0.086963
-48.400002 -0.086986
-48.300003 -0.087002
-48.200001 -0.086994
-48.100002 -0.087007
-48.000004 -0.087012
-47.900002 -0.087034
-47.800003 -0.087049
-47.700001 -0.087057
-47.600002 -0.087070
-47.500004 -0.087077
-47.400002 -0.087103
-47.300003 -0.087110
-47.200001 -0.087123
-47.100002 -0.087142
-47.000004 -0.087155
-46.900002 -0.087164
-46.800003 -0.087178
-46.700001 -0.087189
-46.600002 -0.087206
-46.500004 -0.087219
-46.400002 -0.087226
-46.300003 -0.087255
-46.200001 -0.087255
-46.100002 -0.087275
-46.000004 -0.087279
-45.900002 -0.087305
-45.800003 -0.087314
-45.700001 -0.087321
-45.600002 -0.087336
-45.500004 -0.087362
-45.400002 -0.087372
-45.300003 -0.087380
-45.200001 -0.087399
-45.100002 -0.087403
-45.000004 -0.087442
-44.900002 -0.087457
-44.800003 -0.087456
-44.700001 -0.087479
-44.600002 -0.087490
-44.500004 -0.087499
-44.400002 -0.087509
-44.300003 -0.087531
-44.200001 -0.087553
-44.100002 -0.087574
-44.000004 -0.087585
-43.900002 -0.087608
-43.800003 -0.087608
-43.700001 -0.087622
-43.600002 -0.087637
-43.500004 -0.087677
-43.400002 -0.087673
-43.300003 -0.087694
-43.200001 -0.087705
-43.100002 -0.087720
-43.000004 -0.087737
-42.900002 -0.087757
-42.800003 -0.087769
-42.700001 -0.087797
-42.600002 -0.087816
-42.500004 -0.087828
-42.400002 -0.087856
-42.300003 -0.087865
-42.200001 -0.087879
-42.100002 -0.087899
-42.000004 -0.087923
-41.900002 -0.087942
-41.800003 -0.087944
-41.700001 -0.087974
-41.600002 -0.087989
-41.500004 -0.088009
-41.400002 -0.088014
-41.300003 -0.088049
-41.200001 -0.088057
-41.100002 -0.088085
-41.000004 -0.088097
-40.900002 -0.088129
-40.800003 -0.088136
-40.700001 -0.088162
-40.600002 -0.088176
-40.500004 -0.088198
-40.400002 -0.088219
-40.300003 -0.088239
-40.200001 -0.088258
-40.100002 -0.088276
-40.000000 -0.088292
-39.900002 -0.088310
-39.800003 -0.088338
-39.700001 -0.088357
-39.600002 -0.088376
-39.500000 -0.088407
-39.400002 -0.088428
-39.300003 -0.088451
-39.200001 -0.088454
-39.100002 -0.088482
-39.000000 -0.088512
-38.900002 -0.088534
-38.800003 -0.088548
-38.700001 -0.088568
-38.600002 -0.088600
-38.500000 -0.088616
-38.400002 -0.088637
-38.300003 -0.088662
-38.200001 -0.088693
-38.100002 -0.088708
-38.000000 -0.088718
-37.900002 -0.088746
-37.800003 -0.088780
-37.700001 -0.088800
-37.600002 -0.088816
-37.500000 -0.088851
-37.400002 -0.088873
-37.300003 -0.088903
-37.200001 -0.088921
-37.100002 -0.088948
-37.000000 -0.088973
-36.900002 -0.089009
-36.800003 -0.089034
-36.700001 -0.089049
-36.600002 -0.089085
-36.500000 -0.089102
-36.400002 -0.089119
-36.300003 -0.089159
-36.200001 -0.089180
-36.100002 -0.089204
-36.000000 -0.089231
-35.900002 -0.089261
-35.800003 -0.089275
-35.700001 -0.089313
-35.600002 -0.089345
-35.500000 -0.089372
-35.400002 -0.089405
-35.300003 -0.089423
-35.200001 -0.089446
-35.100002 -0.089477
-35.000000 -0.089516
-34.900002 -0.089541
-34.800003 -0.089574
-34.700001 -0.089607
-34.600002 -0.089627
-34.500000 -0.089657
-34.400002 -0.089687
-34.300003 -0.089717
-34.200001 -0.089757
-34.100002 -0.089779
-34.000000 -0.089812
-33.900002 -0.089838
-33.800003 -0.089886
-33.700001 -0.089918
-33.600002 -0.089943
-33.500000 -0.089973
-33.400002 -0.090007
-33.300003 -0.090037
-33.200001 -0.090063
-33.100002 -0.090103
-33.000000 -0.090132
-32.900002 -0.090177
-32.800003 -0.090202
-32.700001 -0.090235
-32.600002 -0.090275
-32.500000 -0.090316
-32.400002 -0.090347
-32.300003 -0.090381
-32.200001 -0.090424
-32.100002 -0.090450
-32.000000 -0.090498
-31.900002 -0.090521
-31.800001 -0.090565
-31.700001 -0.090605
-31.600002 -0.090631
-31.500002 -0.090672
-31.400002 -0.090710
-31.300001 -0.090745
-31.200001 -0.090795
-31.100002 -0.090836
-31.000002 -0.090875
-30.900002 -0.090915
-30.800001 -0.090947
-30.700001 -0.090988
-30.600002 -0.091040
-30.500002 -0.091076
-30.400002 -0.091116
-30.300001 -0.091167
-30.200001 -0.091206
-30.100002 -0.091241
-30.000002 -0.091281
-29.900002 -0.091328
-29.800001 -0.091390
-29.700001 -0.091425
-29.600002 -0.091461
-29.500002 -0.091504
-29.400002 -0.091558
-29.300001 -0.091604
-29.200001 -0.091645
-29.100002 -0.091697
-29.000002 -0.091745
-28.900002 -0.091788
-28.800001 -0.091837
-28.700001 -0.091876
-28.600002 -0.091939
-28.500002 -0.091983
-28.400002 -0.092028
-28.300001 -0.092081
-28.200001 -0.092137
-28.100000 -0.092186
-28.000002 -0.092239
-27.900002 -0.092288
-27.800001 -0.092341
-27.700001 -0.092392
-27.600000 -0.092450
-27.500002 -0.092504
-27.400002 -0.092561
-27.300001 -0.092611
-27.200001 -0.092670
-27.100000 -0.092724
-27.000002 -0.092781
-26.900002 -0.092842
-26.800001 -0.092893
-26.700001 -0.092951
-26.600000 -0.093014
-26.500002 -0.093070
-26.400002 -0.093128
-26.300001 -0.093188
-26.200001 -0.093258
-26.100000 -0.093317
-26.000002 -0.093381
-25.900002 -0.093443
-25.800001 -0.093504
-25.700001 -0.093573
-25.600000 -0.093635
-25.500002 -0.093701
-25.400002 -0.093770
-25.300001 -0.093834
-25.200001 -0.093905
-25.100000 -0.093967
-25.000002 -0.094037
-24.900002 -0.094107
-24.800001 -0.094181
-24.700001 -0.094250
-24.600000 -0.094317
-24.500002 -0.094389
-24.400002 -0.094468
-24.300001 -0.094541
-24.200001 -0.094615
-24.100000 -0.094692
-24.000002 -0.094766
-23.900002 -0.094846
-23.800001 -0.094925
-23.700001 -0.094999
-23.600000 -0.095082
-23.500002 -0.095160
-23.400002 -0.095244
-23.300001 -0.095326
-23.200001 -0.095415
-23.100000 -0.095493
-23.000002 -0.095580
-22.900002 -0.095665
-22.800001 -0.095754
-22.700001 -0.095845
-22.600000 -0.095930
-22.500002 -0.096019
-22.400002 -0.096111
-22.300001 -0.096203
-22.200001 -0.096296
-22.100000 -0.096392
-22.000002 -0.096477
-21.900002 -0.096580
-21.800001 -0.096678
-21.700001 -0.096776
-21.600000 -0.096879
-21.500002 -0.096973
-21.400002 -0.097074
-21.300001 -0.097177
-21.200001 -0.097282
-21.100000 -0.097387
-21.000002 -0.097499
-20.900002 -0.097605
-20.800001 -0.097710
-20.700001 -0.097820
-20.600000 -0.097937
-20.500002 -0.098051
-20.400002 -0.098164
-20.300001 -0.098276
-20.200001 -0.098391
-20.100000 -0.098511
-20.000000 -0.098635
-19.900002 -0.098757
-19.800001 -0.098876
-19.700001 -0.099001
-19.600000 -0.099128
-19.500000 -0.099252
-19.400002 -0.099383
-19.300001 -0.099516
-19.200001 -0.099653
-19.100000 -0.099786
-19.000000 -0.099915
-18.900002 -0.100055
-18.800001 -0.100203
-18.700001 -0.100336
-18.600000 -0.100481
-18.500000 -0.100631
-18.400002 -0.100773
-18.300001 -0.100922
-18.200001 -0.101071
-18.100000 -0.101226
-18.000000 -0.101380
-17.900002 -0.101539
-17.800001 -0.101697
-17.700001 -0.101855
-17.600000 -0.102021
-17.500000 -0.102188
-17.400002 -0.102358
-17.300001 -0.102528
-17.200001 -0.102697
-17.100000 -0.102872
-17.000000 -0.103050
-16.900002 -0.103235
-16.800001 -0.103409
-16.700001 -0.103600
-16.600000 -0.103782
-16.500000 -0.103972
-16.400002 -0.104168
-16.300001 -0.104364
-16.200001 -0.104563
-16.100000 -0.104758
-16.000000 -0.104967
-15.900001 -0.105173
-15.800001 -0.105386
-15.700001 -0.105594
-15.600000 -0.105816
-15.500001 -0.106039
-15.400001 -0.106258
-15.300001 -0.106482
-15.200001 -0.106715
-15.100000 -0.106951
-15.000001 -0.107190
-14.900001 -0.107429
-14.800001 -0.107674
-14.700001 -0.107919
-14.600000 -0.108170
-14.500001 -0.108432
-14.400001 -0.108691
-14.300001 -0.108953
-14.200001 -0.109219
-14.100000 -0.109497
-14.000001 -0.109779
-13.900001 -0.110057
-13.800000 -0.110340
-13.700001 -0.110632
-13.600000 -0.110935
-13.500001 -0.111235
-13.400001 -0.111543
-13.300000 -0.111851
-13.200001 -0.112167
-13.100000 -0.112491
-13.000001 -0.112814
-12.900001 -0.113151
-12.800000 -0.113490
-12.700001 -0.113832
-12.600000 -0.114186
-12.500001 -0.114544
-12.400001 -0.114900
-12.300000 -0.115276
-12.200001 -0.115652
-12.100000 -0.116030
-12.000001 -0.116424
-11.900001 -0.116822
-11.800000 -0.117231
-11.700001 -0.117642
-11.600000 -0.118058
-11.500001 -0.118488
-11.400001 -0.118924
-11.300000 -0.119365
-11.200001 -0.119822
-11.100000 -0.120284
-11.000001 -0.120755
-10.900001 -0.121231
-10.800000 -0.121722
-10.700001 -0.122221
-10.600000 -0.122730
-10.500001 -0.123248
-10.400001 -0.123775
-10.300000 -0.124314
-10.200001 -0.124868
-10.100000 -0.125424
-10.000000 -0.126001
-9.900001 -0.126587
-9.800000 -0.127183
-9.700001 -0.127795
-9.600000 -0.128417
-9.500000 -0.129057
-9.400001 -0.129704
-9.300000 -0.130368
-9.200001 -0.131050
-9.100000 -0.131742
-9.000000 -0.132453
-8.900001 -0.133175
-8.800000 -0.133919
-8.700001 -0.134676
-8.600000 -0.135451
-8.500000 -0.136244
-8.400001 -0.137056
-8.300000 -0.137890
-8.200001 -0.138738
-8.100000 -0.139608
-8.000000 -0.140498
-7.900001 -0.141413
-7.800000 -0.142351
-7.700000 -0.143306
-7.600000 -0.144286
-7.500000 -0.145295
-7.400001 -0.146325
-7.300000 -0.147383
-7.200000 -0.148469
-7.100000 -0.149579
-7.000000 -0.150722
-6.900000 -0.151890
-6.800000 -0.153095
-6.700000 -0.154328
-6.600000 -0.155597
-6.500000 -0.156899
-6.400000 -0.158238
-6.300000 -0.159611
-6.200000 -0.161022
-6.100000 -0.162479
-6.000000 -0.163973
-5.900000 -0.165510
-5.800000 -0.167090
-5.700000 -0.168719
-5.600000 -0.170397
-5.500000 -0.172122
-5.400000 -0.173897
-5.300000 -0.175731
-5.200000 -0.177621
-5.100000 -0.179569
-5.000000 -0.181574
-4.900000 -0.183649
-4.800000 -0.185788
-4.700000 -0.187996
-4.600000 -0.190272
-4.500000 -0.192631
-4.400000 -0.195064
-4.300000 -0.197581
-4.200000 -0.200185
-4.100000 -0.202878
-4.000000 -0.205667
-3.900000 -0.208550
-3.800000 -0.211539
-3.700000 -0.214637
-3.600000 -0.217850
-3.500000 -0.221182
-3.400000 -0.224635
-3.300000 -0.228225
-3.200000 -0.231948
-3.100000 -0.235820
-3.000000 -0.239844
-2.900000 -0.244030
-2.800000 -0.248386
-2.700000 -0.252921
-2.600000 -0.257644
-2.500000 -0.262570
-2.400000 -0.267707
-2.300000 -0.273065
-2.200000 -0.278661
-2.100000 -0.284508
-2.000000 -0.290621
-1.900000 -0.297015
-1.800000 -0.303709
-1.700000 -0.310721
-1.600000 -0.318070
-1.500000 -0.325783
-1.400000 -0.333879
-1.300000 -0.342390
-1.200000 -0.351336
-1.100000 -0.360753
-1.000000 -0.370670
-0.900000 -0.381129
-0.800000 -0.392164
-0.700000 -0.403822
-0.600000 -0.416148
-0.500000 -0.429192
-0.400000 -0.443012
-0.300000 -0.457669
-0.200000 -0.473226
-0.100000 -0.489743
0.000000 -0.507088
0.100000 -0.523431
0.200000 -0.540802
0.300000 -0.559531
0.400000 -0.579768
0.500000 -0.601661
0.600000 -0.625382
0.700000 -0.651113
0.800000 -0.679068
0.900000 -0.709482
1.000000 -0.742630
1.100000 -0.778819
1.200000 -0.818408
1.300000 -0.861806
1.400000 -0.909488
1.500000 -0.962015
1.600000 -1.020038
1.700000 -1.084329
1.800000 -1.155810
1.900000 -1.235597
2.000000 -1.325041
2.100000 -1.425819
2.200000 -1.540039
2.300000 -1.670400
2.400000 -1.820463
2.500000 -1.995084
2.600000 -2.201218
2.700000 -2.449549
2.800000 -2.758435
2.900000 -3.166927
3.000000 -3.860630
3.100000 -4.867588
3.200000 -5.573941
3.300000 -6.155348
3.400000 -6.650515
3.500000 -7.077715
3.600000 -7.447600
3.700000 -7.767117
3.800000 -8.041105
3.900000 -8.273087
4.000000 -8.465694
4.100000 -8.620909
4.200000 -8.740215
4.300000 -8.824699
4.400000 -8.875103
4.500000 -8.891858
4.600000 -8.875103
4.700000 -8.824699
4.800000 -8.740214
4.900000 -8.620906
5.000000 -8.465691
5.100000 -8.273083
5.200000 -8.041100
5.300000 -7.767110
5.400000 -7.447592
5.500000 -7.077706
5.600000 -6.650506
5.700000 -6.155336
5.800000 -5.573927
5.900000 -4.867571
6.000000 -3.860597
6.100000 -3.166201
6.200000 -2.757011
6.300000 -2.447426
6.400000 -2.198395
6.500000 -1.991563
6.600000 -1.816244
6.700000 -1.665484
6.800000 -1.534427
6.900000 -1.419510
7.000000 -1.318034
7.100000 -1.227894
7.200000 -1.147412
7.300000 -1.075235
7.400001 -1.010248
7.500000 -0.951533
7.600000 -0.898311
7.700000 -0.849935
7.800000 -0.805844
7.900001 -0.765565
8.000000 -0.728683
8.100000 -0.694846
8.200001 -0.663741
8.300000 -0.635099
8.400001 -0.608683
8.500000 -0.584280
8.600000 -0.561708
8.700001 -0.540799
8.800000 -0.521408
8.900001 -0.503407
9.000000 -0.486676
9.100000 -0.471108
9.200001 -0.456616
9.300000 -0.443107
9.400001 -0.430506
9.500000 -0.418744
9.600000 -0.407754
9.700001 -0.397471
9.800000 -0.387837
9.900001 -0.378733
10.000000 -0.338671
10.100000 -0.297522
10.200001 -0.288044
10.300000 -0.279084
10.400001 -0.270571
10.500001 -0.262474
10.600000 -0.254764
10.700001 -0.247412
10.800000 -0.240403
10.900001 -0.233710
11.000001 -0.227314
11.100000 -0.221204
11.200001 -0.215357
11.300000 -0.209764
11.400001 -0.204405
11.500001 -0.199268
11.600000 -0.194346
11.700001 -0.189620
11.800000 -0.185083
11.900001 -0.180729
12.000001 -0.176545
12.100000 -0.172522
12.200001 -0.168650
12.300000 -0.164926
12.400001 -0.161332
12.500001 -0.157880
12.600000 -0.154551
12.700001 -0.151341
12.800000 -0.148243
12.900001 -0.145249
13.000001 -0.142367
13.100000 -0.139582
13.200001 -0.136886
13.300000 -0.134281
13.400001 -0.131769
13.500001 -0.129334
13.600000 -0.126979
13.700001 -0.124703
13.800000 -0.122490
13.900001 -0.120357
14.000001 -0.118276
14.100000 -0.116274
14.200001 -0.114328
14.300001 -0.112433
14.400001 -0.110605
14.500001 -0.108831
14.600000 -0.107101
14.700001 -0.105427
14.800001 -0.103799
14.900001 -0.102217
15.000001 -0.100681
15.100000 -0.099186
15.200001 -0.097734
15.300001 -0.096324
15.400001 -0.094945
15.500001 -0.093609
15.600000 -0.092308
15.700001 -0.091041
15.800001 -0.089806
15.900001 -0.088597
16.000000 -0.087433
16.100000 -0.086287
16.200001 -0.085177
16.300001 -0.084094
16.400002 -0.083035
16.500000 -0.082009
16.600000 -0.081000
16.700001 -0.080020
16.800001 -0.079061
16.900002 -0.078127
17.000000 -0.077211
17.100000 -0.076321
17.200001 -0.075450
17.300001 -0.074599
17.400002 -0.073772
17.500000 -0.072960
17.600000 -0.072166
17.700001 -0.071392
17.800001 -0.070630
17.900002 -0.069895
18.000000 -0.069167
18.100000 -0.068459
18.200001 -0.067766
18.300001 -0.067086
18.400002 -0.066422
18.500000 -0.065773
18.600000 -0.065136
18.700001 -0.064507
18.800001 -0.063897
18.900002 -0.063305
19.000000 -0.062716
19.100000 -0.062143
19.200001 -0.061584
19.300001 -0.061033
19.400002 -0.060498
19.500000 -0.059966
19.600000 -0.059447
19.700001 -0.058934
19.800001 -0.058442
19.900002 -0.057953
20.000000 -0.057476
20.100000 -0.056997
20.200001 -0.056544
20.300001 -0.056085
20.400002 -0.055648
20.500002 -0.055209
20.600000 -0.054776
20.700001 -0.054361
20.800001 -0.053949
20.900002 -0.053542
21.000002 -0.053146
21.100000 -0.052756
21.200001 -0.052376
21.300001 -0.051994
21.400002 -0.051629
21.500002 -0.051267
21.600000 -0.050910
21.700001 -0.050550
21.800001 -0.050214
21.900002 -0.049876
22.000002 -0.049534
22.100000 -0.049220
22.200001 -0.048895
22.300001 -0.048573
22.400002 -0.048266
22.500002 -0.047961
22.600000 -0.047664
22.700001 -0.047359
22.800001 -0.047069
22.900002 -0.046780
23.000002 -0.046502
23.100000 -0.046223
23.200001 -0.045952
23.300001 -0.045678
23.400002 -0.045420
23.500002 -0.045153
23.600000 -0.044901
23.700001 -0.044649
23.800001 -0.044402
23.900002 -0.044155
24.000002 -0.043920
24.100000 -0.043685
24.200001 -0.043447
24.300001 -0.043213
24.400002 -0.042998
24.500002 -0.042770
24.600000 -0.042539
24.700001 -0.042326
24.800001 -0.042121
24.900002 -0.041909
25.000002 -0.041702
25.100000 -0.041492
25.200001 -0.041299
25.300001 -0.041095
25.400002 -0.040897
25.500002 -0.040710
25.600000 -0.040520
25.700001 -0.040335
25.800001 -0.040146
25.900002 -0.039961
26.000002 -0.039784
26.100000 -0.039601
26.200001 -0.039434
26.300001 -0.039259
26.400002 -0.039087
26.500002 -0.038922
26.600000 -0.038759
26.700001 -0.038597
26.800001 -0.038430
26.900002 -0.038270
27.000002 -0.038113
27.100000 -0.037965
27.200001 -0.037811
27.300001 -0.037661
27.400002 -0.037513
27.500002 -0.037364
27.600000 -0.037216
27.700001 -0.037073
27.800001 -0.036939
27.900002 -0.036791
28.000002 -0.036657
28.100000 -0.036529
28.200001 -0.036394
28.300001 -0.036259
28.400002 -0.036130
28.500002 -0.035992
28.600002 -0.035870
28.700001 -0.035743
28.800001 -0.035622
28.900002 -0.035497
29.000002 -0.035376
29.100002 -0.035253
29.200001 -0.035140
29.300001 -0.035018
29.400002 -0.034908
29.500002 -0.034784
29.600002 -0.034679
29.700001 -0.034573
29.800001 -0.034451
29.900002 -0.034353
30.000002 -0.034242
30.100002 -0.034132
30.200001 -0.034026
30.300001 -0.033926
30.400002 -0.033831
30.500002 -0.033717
30.600002 -0.033617
30.700001 -0.033519
30.800001 -0.033430
30.900002 -0.033319
31.000002 -0.033228
31.100002 -0.033140
31.200001 -0.033043
31.300001 -0.032945
31.400002 -0.032865
31.500002 -0.032773
31.600002 -0.032675
31.700001 -0.032588
31.800001 -0.032501
31.900002 -0.032418
32.000000 -0.032330
32.100002 -0.032240
32.200001 -0.032163
32.300003 -0.032071
32.400002 -0.031998
32.500000 -0.031916
32.600002 -0.031841
32.700001 -0.031763
32.800003 -0.031683
32.900002 -0.031603
33.000000 -0.031519
33.100002 -0.031444
33.200001 -0.031362
33.300003 -0.031299
33.400002 -0.031224
33.500000 -0.031144
33.600002 -0.031079
33.700001 -0.031004
33.800003 -0.030935
33.900002 -0.030867
34.000000 -0.030784
34.100002 -0.030725
34.200001 -0.030654
34.300003 -0.030594
34.400002 -0.030519
34.500000 -0.030447
34.600002 -0.030392
34.700001 -0.030318
34.800003 -0.030268
34.900002 -0.030200
35.000000 -0.030142
35.100002 -0.030080
35.200001 -0.030018
35.300003 -0.029942
35.400002 -0.029886
35.500000 -0.029820
35.600002 -0.029776
35.700001 -0.029703
35.800003 -0.029655
35.900002 -0.029595
36.000000 -0.029550
36.100002 -0.029485
36.200001 -0.029436
36.300003 -0.029370
36.400002 -0.029325
36.500000 -0.029254
36.600002 -0.029218
36.700001 -0.029159
36.800003 -0.029099
36.900002 -0.029051
37.000000 -0.028996
37.100002 -0.028951
37.200001 -0.028894
37.300003 -0.028836
37.400002 -0.028793
37.500000 -0.028744
37.600002 -0.028701
37.700001 -0.028647
37.800003 -0.028596
37.900002 -0.028546
38.000000 -0.028511
38.100002 -0.028461
38.200001 -0.028401
38.300003 -0.028369
38.400002 -0.028326
38.500000 -0.028276
38.600002 -0.028226
38.700001 -0.028189
38.800003 -0.028149
38.900002 -0.028087
39.000000 -0.028052
39.100002 -0.028007
39.200001 -0.027965
39.300003 -0.027934
39.400002 -0.027880
39.500000 -0.027847
39.600002 -0.027812
39.700001 -0.027755
39.800003 -0.027719
39.900002 -0.027687
40.000000 -0.027644
40.100002 -0.027604
40.200001 -0.027564
40.300003 -0.027514
40.400002 -0.027479
40.500004 -0.027459
40.600002 -0.027403
40.700001 -0.027378
40.800003 -0.027348
40.900002 -0.027293
41.000004 -0.027265
41.100002 -0.027217
41.200001 -0.027193
41.300003 -0.027157
41.400002 -0.027115
41.500004 -0.027087
41.600002 -0.027057
41.700001 -0.027003
41.800003 -0.026972
41.900002 -0.026962
42.000004 -0.026910
42.100002 -0.026880
42.200001 -0.026848
42.300003 -0.026810
42.400002 -0.026766
42.500004 -0.026750
42.600002 -0.026723
42.700001 -0.026681
42.800003 -0.026646
42.900002 -0.026623
43.000004 -0.026593
43.100002 -0.026561
43.200001 -0.026525
43.300003 -0.026501
43.400002 -0.026460
43.500004 -0.026446
43.600002 -0.026410
43.700001 -0.026393
43.800003 -0.026346
43.900002 -0.026320
44.000004 -0.026293
44.100002 -0.026266
44.200001 -0.026228
44.300003 -0.026203
44.400002 -0.026180
44.500004 -0.026150
44.600002 -0.026118
44.700001 -0.026088
44.800003 -0.026068
44.900002 -0.026053
45.000004 -0.026019
45.100002 -0.025981
45.200001 -0.025969
45.300003 -0.025938
45.400002 -0.025904
45.500004 -0.025873
45.600002 -0.025859
45.700001 -0.025833
45.800003 -0.025813
45.900002 -0.025798
46.000004 -0.025769
46.100002 -0.025733
46.200001 -0.025714
46.300003 -0.025693
46.400002 -0.025654
46.500004 -0.025629
46.600002 -0.025596
46.700001 -0.025593
46.800003 -0.025561
46.900002 -0.025543
47.000004 -0.025497
47.100002 -0.025498
47.200001 -0.025486
47.300003 -0.025447
47.400002 -0.025424
47.500004 -0.025409
47.600002 -0.025401
47.700001 -0.025362
47.800003 -0.025329
47.900002 -0.025331
48.000004 -0.025291
48.100002 -0.025279
48.200001 -0.025259
48.300003 -0.025227
48.400002 -0.025216
48.500004 -0.025186
48.600002 -0.025174
48.700001 -0.025156
48.800003 -0.025139
48.900002 -0.025107
49.000004 -0.025076
49.100002 -0.025072
49.200001 -0.025059
49.300003 -0.025032
49.400002 -0.024999
49.500004 -0.024986
49.600002 -0.024971
49.700001 -0.024952
49.800003 -0.024936
49.900002 -0.024912
50.000004 -0.024881
50.100002 -0.024887
50.200001 -0.024869
50.300003 -0.024831
50.400002 -0.024807
50.500004 -0.024797
50.600002 -0.024791
50.700001 -0.024769
50.800003 -0.024741
50.900002 -0.024732
51.000004 -0.024716
51.100002 -0.024707
51.200001 -0.024694
51.300003 -0.024667
51.400002 -0.024634
51.500004 -0.024604
51.600002 -0.024617
51.700001 -0.024592
51.800003 -0.024575
51.900002 -0.024559
52.000004 -0.024539
52.100002 -0.024530
52.200001 -0.024502
52.300003 -0.024499
52.400002 -0.024469
52.500004 -0.024455
52.600002 -0.024442
52.700001 -0.024424
52.800003 -0.024410
52.900002 -0.024404
53.000004 -0.024370
53.100002 -0.024369
53.200001 -0.024352
53.300003 -0.024320
53.400002 -0.024314
53.500004 -0.024292
53.600002 -0.024299
53.700001 -0.024282
53.800003 -0.024269
53.900002 -0.024249
54.000004 -0.024224
54.100002 -0.024214
54.200001 -0.024224
54.300003 -0.024189
54.400002 -0.024184
54.500004 -0.024160
54.600002 -0.024139
54.700001 -0.024142
54.800003 -0.024129
54.900002 -0.024104
55.000004 -0.024089
55.100002 -0.024075
55.200001 -0.024054
55.300003 -0.024050
55.400002 -0.024049
55.500004 -0.024034
55.600002 -0.024022
55.700001 -0.023989
55.800003 -0.023967
55.900002 -0.023974
56.000004 -0.023962
56.100002 -0.023950
56.200001 -0.023939
56.300003 -0.023909
56.400002 -0.023915
56.500004 -0.023892
56.600002 -0.023882
56.700005 -0.023885
56.800003 -0.023863
56.900002 -0.023857
57.000004 -0.023825
57.100002 -0.023820
57.200005 -0.023815
57.300003 -0.023789
57.400002 -0.023799
57.500004 -0.023777
57.600002 -0.023775
57.700005 -0.023769
57.800003 -0.023754
57.900002 -0.023737
58.000004 -0.023705
58.100002 -0.023703
58.200005 -0.023698
58.300003 -0.023673
58.400002 -0.023677
58.500004 -0.023663
58.600002 -0.023652
58.700005 -0.023643
58.800003 -0.023625
58.900002 -0.023617
59.000004 -0.023605
59.100002 -0.023593
59.200005 -0.023588
59.300003 -0.023578
59.400002 -0.023553
59.500004 -0.023545
59.600002 -0.023547
59.700005 -0.023545
59.800003 -0.023532
59.900002 -0.023510
