11.00000 3.00000
10.99211 2.87467
10.96858 2.75131
10.92978 2.63188
10.87631 2.51825
10.80902 2.41221
10.72897 2.31545
10.63742 2.22949
10.53583 2.15567
10.42578 2.09517
10.30902 2.04894
10.18738 2.01771
10.06279 2.00197
9.93721 2.00197
9.81262 2.01771
9.69098 2.04894
9.57422 2.09517
9.46417 2.15567
9.36258 2.22949
9.27103 2.31545
9.19098 2.41221
9.12369 2.51825
9.07022 2.63188
9.03142 2.75131
9.00789 2.87467
9.00000 3.00000
9.00789 3.12533
9.03142 3.24869
9.07022 3.36812
9.12369 3.48175
9.19098 3.58779
9.27103 3.68455
9.36258 3.77051
9.46417 3.84433
9.57422 3.90483
9.69098 3.95106
9.81262 3.98229
9.93721 3.99803
10.06279 3.99803
10.18738 3.98229
10.30902 3.95106
10.42578 3.90483
10.53583 3.84433
10.63742 3.77051
10.72897 3.68455
10.80902 3.58779
10.87631 3.48175
10.92978 3.36812
10.96858 3.24869
10.99211 3.12533
11.00000 3.00000
