-50.000004 -0.010262
-49.000004 -0.011153
-48.000004 -0.012058
-47.000004 -0.013036
-46.000004 -0.014055
-45.000004 -0.015138
-44.000004 -0.016310
-43.000004 -0.017567
-42.000004 -0.018841
-41.000004 -0.020247
-40.000000 -0.021757
-39.000000 -0.023366
-38.000000 -0.025073
-37.000000 -0.026927
-36.000000 -0.028893
-35.000000 -0.031036
-34.000000 -0.033319
-33.000000 -0.035819
-32.000000 -0.038521
-31.000002 -0.041444
-30.000002 -0.044653
-29.000002 -0.048128
-28.000002 -0.051934
-27.000002 -0.056123
-26.000002 -0.060720
-25.000002 -0.065805
-24.000002 -0.071432
-23.000002 -0.077706
-22.000002 -0.084688
-21.000002 -0.092514
-20.000000 -0.101331
-19.000000 -0.111313
-18.000000 -0.122671
-17.000000 -0.135662
-16.000000 -0.150616
-15.000001 -0.167950
-14.000001 -0.188213
-13.000001 -0.212092
-12.000001 -0.240489
-11.000001 -0.274636
-10.000000 -0.316185
-9.000000 -0.367429
-8.000000 -0.431637
-7.000000 -0.513549
-6.000000 -0.620296
-5.000000 -0.762956
-4.000000 -0.959504
-3.000000 -1.240616
-2.000000 -1.662186
-1.000000 -2.335812
0.000000 nan
1.000000 -7.573858
2.000000 -14.126311
3.000000 -20.679119
4.000000 -22.937620
5.000000 -22.427179
6.000000 -19.339424
7.000000 -12.658351
8.000000 -6.996984
9.000000 -4.683567
10.000000 -3.256503
11.000001 -2.616008
12.000001 -2.265344
13.000001 -2.030014
14.000001 -1.863769
15.000001 -1.741826
16.000000 -1.649684
17.000000 -1.578332
18.000000 -1.521947
19.000000 -1.476637
20.000000 -1.439648
21.000002 -1.409070
22.000002 -1.383507
23.000002 -1.361916
24.000002 -1.343524
25.000002 -1.327716
26.000002 -1.314020
27.000002 -1.302097
28.000002 -1.291661
29.000002 -1.282453
30.000002 -1.274297
31.000002 -1.267029
32.000000 -1.260539
33.000000 -1.254710
34.000000 -1.249471
35.000000 -1.244722
36.000000 -1.240412
37.000000 -1.236517
38.000000 -1.232907
39.000000 -1.229677
40.000000 -1.226638
41.000004 -1.223918
42.000004 -1.221364
43.000004 -1.219007
44.000004 -1.216851
45.000004 -1.214851
46.000004 -1.212991
47.000004 -1.211217
48.000004 -1.209625
49.000004 -1.208100
50.000004 -1.206676
51.000004 -1.205354
52.000004 -1.204090
53.000004 -1.202964
54.000004 -1.201852
55.000004 -1.200825
56.000004 -1.199866
57.000004 -1.198944
58.000004 -1.198060
59.000004 -1.197251
