6.000000 2.000000
5.992115 1.874667
5.968583 1.751310
5.929776 1.631875
5.876307 1.518246
5.809017 1.412215
5.728969 1.315453
5.637424 1.229487
5.535827 1.155672
5.425779 1.095173
5.309017 1.048943
5.187381 1.017713
5.062791 1.001973
4.937209 1.001973
4.812619 1.017713
4.690983 1.048943
4.574221 1.095173
4.464173 1.155672
4.362576 1.229487
4.271031 1.315453
4.190983 1.412215
4.123693 1.518246
4.070224 1.631875
4.031417 1.751310
4.007885 1.874667
4.000000 2.000000
4.007885 2.125333
4.031417 2.248690
4.070224 2.368125
4.123693 2.481754
4.190983 2.587785
4.271031 2.684547
4.362576 2.770513
4.464173 2.844328
4.574221 2.904827
4.690983 2.951057
4.812619 2.982287
4.937209 2.998027
5.062791 2.998027
5.187381 2.982287
5.309017 2.951057
5.425779 2.904827
5.535827 2.844328
5.637424 2.770513
5.728969 2.684547
5.809017 2.587785
5.876307 2.481754
5.929776 2.368125
5.968583 2.248690
5.992115 2.125333
6.000000 2.000000
