-5.000000 1.131699
-4.900000 1.148165
-4.800000 1.164982
-4.700000 1.182169
-4.600000 1.199733
-4.500000 1.217684
-4.400000 1.236035
-4.300000 1.254796
-4.200000 1.273979
-4.100000 1.293601
-4.000000 1.313671
-3.900000 1.334203
-3.800000 1.355209
-3.700000 1.376712
-3.600000 1.398716
-3.500000 1.421242
-3.400000 1.444308
-3.300000 1.467929
-3.200000 1.492122
-3.100000 1.516906
-3.000000 1.542299
-2.900000 1.568322
-2.800000 1.594995
-2.700000 1.622340
-2.600000 1.650379
-2.500000 1.679134
-2.400000 1.708628
-2.300000 1.738888
-2.200000 1.769942
-2.100000 1.801813
-2.000000 1.834532
-1.900000 1.868127
-1.800000 1.902627
-1.700000 1.938069
-1.600000 1.974485
-1.500000 2.011906
-1.400000 2.050370
-1.300000 2.089916
-1.200000 2.130585
-1.100000 2.172415
-1.000000 2.215451
-0.900000 2.259737
-0.800000 2.305323
-0.700000 2.352257
-0.600000 2.400590
-0.500000 2.450373
-0.400000 2.501667
-0.300000 2.554530
-0.200000 2.609024
-0.100000 2.665212
0.000000 2.723166
0.100000 2.782951
0.200000 2.844646
0.300000 2.908328
0.400000 2.974076
0.500000 3.041982
0.600000 3.112129
0.700000 3.184617
0.800000 3.259542
0.900000 3.337011
1.000000 3.417131
1.100000 3.500013
1.200000 3.585781
1.300000 3.674562
1.400000 3.766485
1.500000 3.861694
1.600000 3.960328
1.700000 4.062544
1.800000 4.168503
1.900000 4.278375
2.000000 4.392329
2.100000 4.510559
2.200000 4.633254
2.300000 4.760623
2.400000 4.892869
2.500000 5.030225
2.600000 5.172916
2.700000 5.321195
2.800000 5.475306
2.900000 5.635517
3.000000 5.802105
3.100000 5.975348
3.200000 6.155547
3.300000 6.343005
3.400000 6.538033
3.500000 6.740954
3.600000 6.952091
3.700000 7.171772
3.800000 7.400339
3.900000 7.638118
4.000000 7.885428
4.100000 8.142597
4.200000 8.409916
4.300000 8.687660
4.400000 8.976071
4.500000 9.275348
4.600000 9.585626
4.700000 9.906959
4.800000 10.239318
4.900000 10.582541
5.000000 10.936310
5.100000 11.300119
5.200000 11.673225
5.300000 12.054576
5.400000 12.442789
5.500000 12.836000
5.600000 13.231831
5.700000 13.627224
5.800000 14.018332
5.900000 14.400307
6.000000 14.767132
6.100000 15.111330
6.200000 15.423723
6.300000 15.693024
6.400000 15.905465
6.500000 16.044325
6.600000 16.089409
6.700000 16.016491
6.800000 15.796766
6.900000 15.396343
7.000000 14.776012
7.100000 13.891284
7.200000 12.693206
7.300000 11.130228
7.400001 9.151544
7.500000 6.712413
7.600000 3.781528
7.700000 0.349820
7.800000 -3.560846
7.900001 -7.891523
8.000000 -12.545858
8.100000 -17.396856
8.200001 -22.300510
8.300000 -27.112465
8.400001 -31.703392
8.500000 -35.969181
8.600000 -39.835106
8.700001 -43.254490
8.800000 -46.204205
8.900001 -48.679001
9.000000 -50.685802
9.100000 -52.239044
9.200001 -53.356964
9.300000 -54.059135
9.400001 -54.364586
9.500000 -54.290806
9.600000 -53.853207
9.700001 -53.064861
9.800000 -51.936722
9.900001 -50.478016
10.000000 -48.697109
10.100000 -46.602600
10.200001 -44.205059
10.300000 -41.519112
10.400001 -38.566086
10.500001 -35.376965
10.600000 -31.995161
10.700001 -28.478138
10.800000 -24.897152
10.900001 -21.333782
11.000001 -17.873356
11.100000 -14.596092
11.200001 -11.568262
11.300000 -8.835860
11.400001 -6.422309
11.500001 -4.330187
11.600000 -2.545792
11.700001 -1.044512
11.800000 0.204039
11.900001 1.232043
12.000001 2.070774
12.100000 2.749105
12.200001 3.292706
12.300000 3.723835
12.400001 4.061481
12.500001 4.321712
12.600000 4.517982
12.700001 4.661490
12.800000 4.761512
12.900001 4.825822
13.000001 4.860771
13.100000 4.871693
13.200001 4.862971
13.300000 4.838271
13.400001 4.800605
13.500001 4.752492
13.600000 4.696009
13.700001 4.632922
13.800000 4.564673
13.900001 4.492450
14.000001 4.417278
14.100000 4.339968
14.200001 4.261243
14.300001 4.181653
14.400001 4.101694
14.500001 4.021737
14.600000 3.942132
14.700001 3.863147
14.800001 3.784958
14.900001 3.707785
15.000001 3.631765
15.100000 3.556988
15.200001 3.483565
15.300001 3.411536
15.400001 3.340952
15.500001 3.271881
15.600000 3.204302
15.700001 3.138255
15.800001 3.073740
15.900001 3.010739
16.000000 2.949256
16.100000 2.889266
16.200001 2.830757
16.300001 2.773691
16.400002 2.718052
16.500000 2.663823
16.600000 2.610987
16.700001 2.559469
16.800001 2.509270
16.900002 2.460351
17.000000 2.412684
17.100000 2.366252
17.200001 2.320979
17.300001 2.276886
17.400002 2.233907
17.500000 2.192026
17.600000 2.151201
17.700001 2.111423
17.800001 2.072635
17.900002 2.034831
18.000000 1.997974
18.100000 1.962042
18.200001 1.927002
18.300001 1.892825
18.400002 1.859505
18.500000 1.826986
18.600000 1.795274
18.700001 1.764318
18.800001 1.734127
18.900002 1.704657
19.000000 1.675880
19.100000 1.647801
19.200001 1.620382
19.300001 1.593618
19.400002 1.567475
19.500000 1.541940
19.600000 1.517004
19.700001 1.492641
19.800001 1.468835
19.900002 1.445575
20.000000 1.422833
20.100000 1.400598
20.200001 1.378873
20.300001 1.357617
20.400002 1.336845
20.500002 1.316533
20.600000 1.296651
20.700001 1.277216
20.800001 1.258191
20.900002 1.239572
21.000002 1.221356
21.100000 1.203535
21.200001 1.186079
21.300001 1.168989
21.400002 1.152260
21.500002 1.135871
21.600000 1.119827
21.700001 1.104112
21.800001 1.088708
21.900002 1.073629
22.000002 1.058858
22.100000 1.044352
22.200001 1.030169
22.300001 1.016254
22.400002 1.002614
22.500002 0.989224
22.600000 0.976104
22.700001 0.963241
22.800001 0.950626
22.900002 0.938266
23.000002 0.926118
23.100000 0.914220
23.200001 0.902521
23.300001 0.891071
23.400002 0.879811
23.500002 0.868756
23.600000 0.857927
23.700001 0.847265
23.800001 0.836819
23.900002 0.826561
24.000002 0.816485
24.100000 0.806582
24.200001 0.796860
24.300001 0.787318
24.400002 0.777923
24.500002 0.768709
24.600000 0.759648
24.700001 0.750752
24.800001 0.742004
24.900002 0.733409
