>layer 1
-340.392640634 6.00728088453
-350.0 6.0
-344.208478975 6.96124046977
-335.559245403 9.38312602341
-329.962682503 11.6674410903
-323.334947514 14.040674966
-303.251814116 12.5578033698
-297.14647277 12.0490249244
-297.655251216 10.0775084482
-314.444939916 9.25074347435
-324.874898048 8.10599197206
>layer 2
-309.102766239 13.0665818153
-323.616567132 14.1814847752
-328.945125612 12.0542128621
-329.199514834 23.3693453359
-310.12032313 22.0973992222
>layer 3
-266.87415526533687 9.886716531174486
-297.14647277 9.88671653117
-296.892083548 12.1126222301
-267.637322934 12.1762195357
>layer 4
-149.600723587 9.5
-91.599980804 8.0
-91.3455915813 7.15203238682
-123.907412091 7.53361622092
-149.600723587 8.10599197206
>layer 5
-149.855112809 13.6389575664
-128.740807323 13.6389575664
-109.661615618 14.4021252346
-109.916004841 8.61477041752
-149.346334364 9.63232730844
>layer 6
94.8673194574 8.23318658343
-91.3455915813 7.9787973607
-109.152837172 8.74196502889
-109.152837172 14.2749306233
-98.7228790405 16.5644336279
-48.8625913853 15.4832794312
-40.9765254806 14.4021252346
-27.7482858987 13.8933467892
-12.2305433121 13.8933467892
-5.61642352111 14.4021252346
95.6304871256 14.5929171517
>layer 7
104.279720698 7.2156296925
-91.09120235855806 7.0
-91.34559158128855 8.0
104.534109921 8.10599197206
