-5.000000 1.131665
-4.900000 1.148130
-4.800000 1.164949
-4.700000 1.182134
-4.600000 1.199697
-4.500000 1.217647
-4.400000 1.235999
-4.300000 1.254760
-4.200000 1.273942
-4.100000 1.293563
-4.000000 1.313632
-3.900000 1.334163
-3.800000 1.355170
-3.700000 1.376671
-3.600000 1.398675
-3.500000 1.421200
-3.400000 1.444265
-3.300000 1.467886
-3.200000 1.492079
-3.100000 1.516863
-3.000000 1.542253
-2.900000 1.568275
-2.800000 1.594949
-2.700000 1.622290
-2.600000 1.650331
-2.500000 1.679084
-2.400000 1.708578
-2.300000 1.738838
-2.200000 1.769890
-2.100000 1.801759
-2.000000 1.834477
-1.900000 1.868072
-1.800000 1.902572
-1.700000 1.938011
-1.600000 1.974425
-1.500000 2.011846
-1.400000 2.050308
-1.300000 2.089855
-1.200000 2.130522
-1.100000 2.172350
-1.000000 2.215386
-0.900000 2.259673
-0.800000 2.305255
-0.700000 2.352188
-0.600000 2.400516
-0.500000 2.450300
-0.400000 2.501595
-0.300000 2.554458
-0.200000 2.608946
-0.100000 2.665133
0.000000 2.723085
0.100000 2.782869
0.200000 2.844562
0.300000 2.908242
0.400000 2.973988
0.500000 3.041892
0.600000 3.112038
0.700000 3.184523
0.800000 3.259447
0.900000 3.336913
1.000000 3.417029
1.100000 3.499910
1.200000 3.585675
1.300000 3.674452
1.400000 3.766374
1.500000 3.861580
1.600000 3.960209
1.700000 4.062424
1.800000 4.168381
1.900000 4.278247
2.000000 4.392199
2.100000 4.510427
2.200000 4.633119
2.300000 4.760481
2.400000 4.892725
2.500000 5.030077
2.600000 5.172763
2.700000 5.321037
2.800000 5.475145
2.900000 5.635352
3.000000 5.801933
3.100000 5.975171
3.200000 6.155365
3.300000 6.342817
3.400000 6.537841
3.500000 6.740755
3.600000 6.951886
3.700000 7.171560
3.800000 7.400120
3.900000 7.637892
4.000000 7.885196
4.100000 8.142357
4.200000 8.409666
4.300000 8.687404
4.400000 8.975805
4.500000 9.275075
4.600000 9.585342
4.700000 9.906667
4.800000 10.239017
4.900000 10.582228
5.000000 10.935986
5.100000 11.299784
5.200000 11.672879
5.300000 12.054222
5.400000 12.442421
5.500000 12.835622
5.600000 13.231440
5.700000 13.626822
5.800000 14.017920
5.900000 14.399882
6.000000 14.766695
6.100000 15.110884
6.200000 15.423270
6.300000 15.692563
6.400000 15.904995
6.500000 16.043852
6.600000 16.088936
6.700000 16.016018
6.800000 15.796299
6.900000 15.395886
7.000000 14.775575
7.100000 13.890873
7.200000 12.692831
7.300000 11.129901
7.400001 9.151276
7.500000 6.712217
7.600000 3.781417
7.700000 0.349807
7.800000 -3.560742
7.900001 -7.891289
8.000000 -12.545487
8.100000 -17.396343
8.200001 -22.299854
8.300000 -27.111662
8.400001 -31.702454
8.500000 -35.968121
8.600000 -39.833931
8.700001 -43.253216
8.800000 -46.202843
8.900001 -48.677563
9.000000 -50.684303
9.100000 -52.237499
9.200001 -53.355392
9.300000 -54.057533
9.400001 -54.362976
9.500000 -54.289207
9.600000 -53.851616
9.700001 -53.063297
9.800000 -51.935184
9.900001 -50.476524
10.000000 -48.695671
10.100000 -46.601219
10.200001 -44.203754
10.300000 -41.517879
10.400001 -38.564949
10.500001 -35.375919
10.600000 -31.994217
10.700001 -28.477299
10.800000 -24.896420
10.900001 -21.333153
11.000001 -17.872829
11.100000 -14.595659
11.200001 -11.567919
11.300000 -8.835600
11.400001 -6.422119
11.500001 -4.330059
11.600000 -2.545713
11.700001 -1.044480
11.800000 0.204033
11.900001 1.232007
12.000001 2.070713
12.100000 2.749026
12.200001 3.292608
12.300000 3.723725
12.400001 4.061360
12.500001 4.321585
12.600000 4.517847
12.700001 4.661351
12.800000 4.761372
12.900001 4.825679
13.000001 4.860626
13.100000 4.871549
13.200001 4.862829
13.300000 4.838128
13.400001 4.800463
13.500001 4.752353
13.600000 4.695870
13.700001 4.632784
13.800000 4.564539
13.900001 4.492317
14.000001 4.417147
14.100000 4.339840
14.200001 4.261117
14.300001 4.181530
14.400001 4.101573
14.500001 4.021618
14.600000 3.942016
14.700001 3.863032
14.800001 3.784846
14.900001 3.707675
15.000001 3.631657
15.100000 3.556885
15.200001 3.483462
15.300001 3.411434
15.400001 3.340854
15.500001 3.271785
15.600000 3.204208
15.700001 3.138163
15.800001 3.073650
15.900001 3.010650
16.000000 2.949169
16.100000 2.889181
16.200001 2.830674
16.300001 2.773609
16.400002 2.717973
16.500000 2.663745
16.600000 2.610909
16.700001 2.559394
16.800001 2.509196
16.900002 2.460280
17.000000 2.412614
17.100000 2.366180
17.200001 2.320911
17.300001 2.276820
17.400002 2.233839
17.500000 2.191961
17.600000 2.151138
17.700001 2.111360
17.800001 2.072575
17.900002 2.034771
18.000000 1.997915
18.100000 1.961984
18.200001 1.926946
18.300001 1.892769
18.400002 1.859449
18.500000 1.826932
18.600000 1.795221
18.700001 1.764266
18.800001 1.734077
18.900002 1.704606
19.000000 1.675831
19.100000 1.647753
19.200001 1.620334
19.300001 1.593571
19.400002 1.567429
19.500000 1.541893
19.600000 1.516961
19.700001 1.492596
19.800001 1.468792
19.900002 1.445532
