30.00000 7.50000
29.99923 7.41249
29.99694 7.32502
29.99311 7.23759
29.98775 7.15025
29.98087 7.06301
29.97246 6.97591
29.96252 6.88896
29.95107 6.80221
29.93810 6.71567
29.92362 6.62937
29.90763 6.54333
29.89013 6.45759
29.87114 6.37217
29.85065 6.28709
29.82868 6.20238
29.80523 6.11807
29.78031 6.03419
29.75393 5.95075
29.72609 5.86779
29.69680 5.78533
29.66607 5.70340
29.63391 5.62201
29.60034 5.54120
29.56535 5.46099
29.52897 5.38140
29.49120 5.30247
29.45205 5.22420
29.41154 5.14663
29.36968 5.06979
29.32648 4.99369
29.28195 4.91835
29.23611 4.84381
29.18898 4.77008
29.14056 4.69719
29.09087 4.62515
29.03994 4.55400
28.98776 4.48375
28.93436 4.41442
28.87976 4.34604
28.82396 4.27862
28.76700 4.21219
28.70888 4.14677
28.64963 4.08237
28.58926 4.01902
28.52779 3.95674
28.46524 3.89554
28.40163 3.83545
28.33697 3.77648
28.27130 3.71865
28.20462 3.66198
28.13696 3.60648
28.06834 3.55218
27.99878 3.49908
27.92830 3.44721
27.85692 3.39659
27.78467 3.34722
27.71156 3.29912
27.63763 3.25231
27.56289 3.20679
27.48736 3.16260
27.41107 3.11973
27.33404 3.07821
27.25630 3.03804
27.17786 2.99923
27.09876 2.96181
27.01902 2.92577
26.93865 2.89114
26.85770 2.85791
26.77617 2.82611
26.69410 2.79574
26.61151 2.76682
26.52843 2.73934
26.44488 2.71332
26.36089 2.68876
26.27648 2.66568
26.19168 2.64409
26.10651 2.62397
26.02100 2.60536
25.93519 2.58824
25.84908 2.57262
25.76272 2.55852
25.67612 2.54592
25.58932 2.53485
25.50233 2.52530
25.41519 2.51727
25.32793 2.51077
25.24056 2.50579
25.15312 2.50235
25.06563 2.50043
24.97812 2.50005
24.89062 2.50120
24.80315 2.50388
24.71575 2.50809
24.62843 2.51383
24.54122 2.52109
24.45416 2.52988
24.36726 2.54020
24.28055 2.55203
24.19407 2.56538
24.10783 2.58024
24.02187 2.59661
23.93620 2.61448
23.85086 2.63384
23.76588 2.65470
23.68127 2.67704
23.59706 2.70086
23.51329 2.72615
23.42997 2.75290
23.34713 2.78110
23.26480 2.81075
23.18300 2.84184
23.10175 2.87435
23.02109 2.90828
22.94103 2.94361
22.86161 2.98035
22.78284 3.01846
22.70474 3.05795
22.62735 3.09880
22.55069 3.14100
22.47478 3.18453
22.39964 3.22939
22.32530 3.27555
22.25178 3.32301
22.17910 3.37174
22.10728 3.42174
22.03635 3.47299
21.96633 3.52548
21.89723 3.57918
21.82909 3.63408
21.76192 3.69017
21.69574 3.74742
21.63057 3.80582
21.56644 3.86536
21.50335 3.92600
21.44134 3.98775
21.38041 4.05056
21.32060 4.11444
21.26191 4.17935
21.20437 4.24528
21.14799 4.31221
21.09279 4.38011
21.03879 4.44897
20.98600 4.51876
20.93444 4.58946
20.88412 4.66106
20.83507 4.73353
20.78729 4.80684
20.74080 4.88098
20.69562 4.95592
20.65176 5.03164
20.60922 5.10812
20.56804 5.18533
20.52821 5.26325
20.48975 5.34185
20.45267 5.42112
20.41698 5.50102
20.38270 5.58153
20.34983 5.66263
20.31839 5.74430
20.28838 5.82650
20.25981 5.90921
20.23270 5.99241
20.20704 6.07608
20.18286 6.16018
20.16015 6.24469
20.13892 6.32958
20.11918 6.41484
20.10093 6.50042
20.08419 6.58631
20.06895 6.67248
20.05523 6.75891
20.04301 6.84556
20.03232 6.93241
20.02315 7.01944
20.01550 7.10661
20.00938 7.19391
20.00479 7.28130
20.00172 7.36875
20.00019 7.45625
20.00019 7.54375
20.00172 7.63125
20.00479 7.71870
20.00938 7.80609
20.01550 7.89339
20.02315 7.98056
20.03232 8.06759
20.04301 8.15444
20.05523 8.24109
20.06895 8.32752
20.08419 8.41369
20.10093 8.49958
20.11918 8.58516
20.13892 8.67042
20.16015 8.75531
20.18286 8.83982
20.20704 8.92392
20.23270 9.00759
20.25981 9.09079
20.28838 9.17350
20.31839 9.25570
20.34983 9.33737
20.38270 9.41847
20.41698 9.49898
20.45267 9.57888
20.48975 9.65815
20.52821 9.73675
20.56804 9.81467
20.60922 9.89188
20.65176 9.96836
20.69562 10.04408
20.74080 10.11902
20.78729 10.19316
20.83507 10.26647
20.88412 10.33894
20.93444 10.41054
20.98600 10.48124
21.03879 10.55103
21.09279 10.61989
21.14799 10.68779
21.20437 10.75472
21.26191 10.82065
21.32060 10.88556
21.38041 10.94944
21.44134 11.01225
21.50335 11.07400
21.56644 11.13464
21.63057 11.19418
21.69574 11.25258
21.76192 11.30983
21.82909 11.36592
21.89723 11.42082
21.96633 11.47452
22.03635 11.52701
22.10728 11.57826
22.17910 11.62826
22.25178 11.67699
22.32530 11.72445
22.39964 11.77061
22.47478 11.81547
22.55069 11.85900
22.62735 11.90120
22.70474 11.94205
22.78284 11.98154
22.86161 12.01965
22.94103 12.05639
23.02109 12.09172
23.10175 12.12565
23.18300 12.15816
23.26480 12.18925
23.34713 12.21890
23.42997 12.24710
23.51329 12.27385
23.59706 12.29914
23.68127 12.32296
23.76588 12.34530
23.85086 12.36616
23.93620 12.38552
24.02187 12.40339
24.10783 12.41976
24.19407 12.43462
24.28055 12.44797
24.36726 12.45980
24.45416 12.47012
24.54122 12.47891
24.62843 12.48617
24.71575 12.49191
24.80315 12.49612
24.89062 12.49880
24.97812 12.49995
25.06563 12.49957
25.15312 12.49765
25.24056 12.49421
25.32793 12.48923
25.41519 12.48273
25.50233 12.47470
25.58932 12.46515
25.67612 12.45408
25.76272 12.44148
25.84908 12.42738
25.93519 12.41176
26.02100 12.39464
26.10651 12.37603
26.19168 12.35591
26.27648 12.33432
26.36089 12.31124
26.44488 12.28668
26.52843 12.26066
26.61151 12.23318
26.69410 12.20426
26.77617 12.17389
26.85770 12.14209
26.93865 12.10886
27.01902 12.07423
27.09876 12.03819
27.17786 12.00077
27.25630 11.96196
27.33404 11.92179
27.41107 11.88027
27.48736 11.83740
27.56289 11.79321
27.63763 11.74769
27.71156 11.70088
27.78467 11.65278
27.85692 11.60341
27.92830 11.55279
27.99878 11.50092
28.06834 11.44782
28.13696 11.39352
28.20462 11.33802
28.27130 11.28135
28.33697 11.22352
28.40163 11.16455
28.46524 11.10446
28.52779 11.04326
28.58926 10.98098
28.64963 10.91763
28.70888 10.85323
28.76700 10.78781
28.82396 10.72138
28.87976 10.65396
28.93436 10.58558
28.98776 10.51625
29.03994 10.44600
29.09087 10.37485
29.14056 10.30281
29.18898 10.22992
29.23611 10.15619
29.28195 10.08165
29.32648 10.00631
29.36968 9.93021
29.41154 9.85337
29.45205 9.77580
29.49120 9.69753
29.52897 9.61860
29.56535 9.53901
29.60034 9.45880
29.63391 9.37799
29.66607 9.29660
29.69680 9.21467
29.72609 9.13221
29.75393 9.04925
29.78031 8.96581
29.80523 8.88193
29.82868 8.79762
29.85065 8.71291
29.87114 8.62783
29.89013 8.54241
29.90763 8.45667
29.92362 8.37063
29.93810 8.28433
29.95107 8.19779
29.96252 8.11104
29.97246 8.02409
29.98087 7.93699
29.98775 7.84975
29.99311 7.76241
29.99694 7.67498
29.99923 7.58751
30.00000 7.50000
