-25.0050322232 4.30693
-24.5049364809 4.30233
-24.0048405386 4.29195
-23.5047443961 4.28369
-23.0046480535 4.27636
-22.5045515107 4.26329
-22.0044547679 4.26673
-21.5043578249 4.24497
-21.0042606818 4.24613
-20.5041633386 4.24314
-20.0040657953 4.23316
-19.5039680519 4.22587
-19.0038701084 4.21168
-18.5037719648 4.19691
-18.003673621 4.19713
-17.5035750772 4.19945
-17.0034763333 4.19198
-16.5033773893 4.1757
-16.0032782452 4.15895
-15.503178901 4.12928
-15.0030793567 4.09564
-14.5029796123 4.06416
-14.0028796679 4.03247
-13.5027795234 4.02005
-13.0026791788 4.00755
-12.5025786341 3.98828
-12.0024778894 3.96211
-11.5023769445 3.99158
-11.0022757997 4.03444
-10.5021744547 4.02757
-10.0020729097 4.02058
-9.50197116462 4.01471
-9.00186921949 4.0094
-8.5017670743 4.01323
-8.00166472906 4.02809
-7.50156218377 4.01942
-7.00145943844 4.01417
-6.50135649305 4.01932
-6.00125334762 4.04027
-5.50115000216 4.06944
-5.00104645665 4.07664
-4.50094271111 4.10379
-4.00083876553 4.1541
-3.50073461992 4.20176
-3.00063027428 4.29048
-2.50052572862 4.30776
-2.00042098293 4.44451
-1.50031603723 4.61489
-1.0002108915 4.72288
-0.500105545756 4.75228
0 4.73563
0.500105745769 4.73735
1.00021169155 4.7281
1.50031783733 4.70408
2.00042418312 4.6735
2.5005307289 4.65419
3.00063747469 4.65322
3.50074442048 4.64221
4.00085156625 4.61471
4.50095891202 4.5936
5.00106645778 4.57756
5.50117420352 4.56095
6.00128214925 4.5672
6.50139029495 4.56099
7.00149864064 4.57584
7.5016071863 4.59252
8.00171593194 4.59836
8.50182487754 4.55886
9.00193402311 4.55787
9.50204336865 4.53482
10.0021529142 4.55898
10.5022626596 4.50956
11.002372605 4.51559
11.5024827504 4.51145
12.0025930957 4.45165
12.502703641 4.42822
13.0028143862 4.41037
13.5029253314 4.41326
14.0030364765 4.43481
14.5031478216 4.45293
15.0032593666 4.43341
15.5033711115 4.41041
16.0034830563 4.41428
16.5035952011 4.42597
17.0037075458 4.427
17.5038200905 4.41805
18.003932835 4.39459
18.5040457795 4.38474
19.0041589239 4.38841
19.5042722682 4.39601
20.0043858124 4.38296
20.5044995565 4.38435
21.0046135005 4.37692
21.5047276444 4.36203
22.0048419882 4.34474
22.504956532 4.33435
23.0050712756 4.33155
23.5051862191 4.35171
24.0053013625 4.38415
24.5054167057 4.36309
25.0055322489 4.36122
25.0055322489 11.3612
24.5054167057 11.3631
24.0053013625 11.3841
23.5051862191 11.3517
23.0050712756 11.3315
22.504956532 11.3343
22.0048419882 11.3447
21.5047276444 11.362
21.0046135005 11.3769
20.5044995565 11.3844
20.0043858124 11.383
19.5042722682 11.396
19.0041589239 11.3884
18.5040457795 11.3847
18.003932835 11.3946
17.5038200905 11.4181
17.0037075458 11.427
16.5035952011 11.426
16.0034830563 11.4143
15.5033711115 11.4104
15.0032593666 11.4334
14.5031478216 11.4529
14.0030364765 11.4348
13.5029253314 11.4133
13.0028143862 11.4104
12.502703641 11.4282
12.0025930957 11.4517
11.5024827504 11.5115
11.002372605 11.5156
10.5022626596 11.5096
10.0021529142 11.559
9.50204336865 11.5348
9.00193402311 11.5579
8.50182487754 11.5589
8.00171593194 11.5984
7.5016071863 11.5925
7.00149864064 11.5758
6.50139029495 11.561
6.00128214925 11.5672
5.50117420352 11.561
5.00106645778 11.5776
4.50095891202 11.5936
4.00085156625 11.6147
3.50074442048 11.6422
3.00063747469 11.6532
2.5005307289 11.6542
2.00042418312 11.6735
1.50031783733 11.7041
1.00021169155 11.7281
0.500105745769 11.7374
0 11.7356
-0.500105545756 11.7523
-1.0002108915 11.7229
-1.50031603723 11.6149
-2.00042098293 11.4445
-2.50052572862 11.3078
-3.00063027428 11.2905
-3.50073461992 11.2018
-4.00083876553 11.1541
-4.50094271111 11.1038
-5.00104645665 11.0766
-5.50115000216 11.0694
-6.00125334762 11.0403
-6.50135649305 11.0193
-7.00145943844 11.0142
-7.50156218377 11.0194
-8.00166472906 11.0281
-8.5017670743 11.0132
-9.00186921949 11.0094
-9.50197116462 11.0147
-10.0020729097 11.0206
-10.5021744547 11.0276
-11.0022757997 11.0344
-11.5023769445 10.9916
-12.0024778894 10.9621
-12.5025786341 10.9883
-13.0026791788 11.0076
-13.5027795234 11.02
-14.0028796679 11.0325
-14.5029796123 11.0642
-15.0030793567 11.0956
-15.503178901 11.1293
-16.0032782452 11.1589
-16.5033773893 11.1757
-17.0034763333 11.192
-17.5035750772 11.1994
-18.003673621 11.1971
-18.5037719648 11.1969
-19.0038701084 11.2117
-19.5039680519 11.2259
-20.0040657953 11.2332
-20.5041633386 11.2431
-21.0042606818 11.2461
-21.5043578249 11.245
-22.0044547679 11.2667
-22.5045515107 11.2633
-23.0046480535 11.2764
-23.5047443961 11.2837
-24.0048405386 11.292
-24.5049364809 11.3023
-25.0050322232 11.3069
