0.495064 4.30233
0.995159 4.29195
1.49526 4.28369
1.99535 4.27636
2.49545 4.26329
2.99555 4.26673
3.49564 4.24497
3.99574 4.24613
4.49584 4.24314
4.99593 4.23316
5.49603 4.22587
5.99613 4.21168
6.49623 4.19691
6.99633 4.19713
7.49642 4.19945
7.99652 4.19198
8.49662 4.1757
8.99672 4.15895
9.49682 4.12928
9.99692 4.09564
10.497 4.06416
10.9971 4.03247
11.4972 4.02005
11.9973 4.00755
12.4974 3.98828
12.9975 3.96211
13.4976 3.99158
13.9977 4.03444
14.4978 4.02757
14.9979 4.02058
15.498 4.01471
15.9981 4.0094
16.4982 4.01323
16.9983 4.02809
17.4984 4.01942
17.9985 4.01417
18.4986 4.01932
18.9987 4.04027
19.4988 4.06944
19.999 4.07664
20.4991 4.10379
20.9992 4.1541
21.4993 4.20176
21.9994 4.29048
22.4995 4.30776
22.9996 4.44451
23.4997 4.61489
23.9998 4.72288
24.4999 4.75228
25 4.73563
25.5001 4.73735
26.0002 4.7281
26.5003 4.70408
27.0004 4.6735
27.5005 4.65419
28.0006 4.65322
28.5007 4.64221
29.0009 4.61471
29.501 4.5936
30.0011 4.57756
30.5012 4.56095
31.0013 4.5672
31.5014 4.56099
32.0015 4.57584
32.5016 4.59252
33.0017 4.59836
33.5018 4.55886
34.0019 4.55787
34.502 4.53482
35.0022 4.55898
35.5023 4.50956
36.0024 4.51559
36.5025 4.51145
37.0026 4.45165
37.5027 4.42822
38.0028 4.41037
38.5029 4.41326
39.003 4.43481
39.5031 4.45293
40.0033 4.43341
40.5034 4.41041
41.0035 4.41428
41.5036 4.42597
42.0037 4.427
42.5038 4.41805
43.0039 4.39459
43.504 4.38474
44.0042 4.38841
44.5043 4.39601
45.0044 4.38296
45.5045 4.38435
46.0046 4.37692
46.5047 4.36203
47.0048 4.34474
47.505 4.33435
48.0051 4.33155
48.5052 4.35171
49.0053 4.38415
49.5054 4.36309
50.0055 4.36122
50.0 0.2
0.2 0.2
