-25.0050322232	-4306.93099315	106.377555478	-4417.14796286	-4204.19434945	-4519.68610411	-4094.17588219
-24.5049364809	-4302.3251283	106.813757341	-4417.28407304	-4203.75080076	-4515.95264298	-4088.69761362
-24.0048405386	-4291.9527706	100.7648633	-4428.48423327	-4201.1402267	-4493.4824972	-4090.423044
-23.5047443961	-4283.68868466	108.273273204	-4447.5173394	-4198.6141179	-4500.23523107	-4067.14213826
-23.0046480535	-4276.36468935	115.857525732	-4447.5173394	-4184.33398347	-4508.07974081	-4044.64963788
-22.5045515107	-4263.2934414	102.321351487	-4450.71996316	-4182.59134519	-4467.93614437	-4058.65073842
-22.0044547679	-4266.7266662	111.960295759	-4450.71996316	-4179.60066362	-4490.64725771	-4042.80607468
-21.5043578249	-4244.96531233	78.3695574	-4454.2209048	-4177.56441924	-4401.70442713	-4088.22619753
-21.0042606818	-4246.1329098	84.946596638	-4454.2209048	-4158.53136275	-4416.02610308	-4076.23971653
-20.5041633386	-4243.14213374	125.080422712	-4454.2209048	-4139.95772965	-4493.30297917	-3992.98128832
-20.0040657953	-4233.15694872	147.425118887	-4462.25709941	-4129.92865244	-4528.0071865	-3938.30671095
-19.5039680519	-4225.86584728	170.228240328	-4462.25709941	-4106.09016181	-4566.32232794	-3885.40936663
-19.0038701084	-4211.6831003	169.078057001	-4462.25709941	-4085.93116314	-4549.8392143	-3873.5269863
-18.5037719648	-4196.91459131	168.6021887	-4462.25709941	-4060.43105899	-4534.11896871	-3859.71021391
-18.003673621	-4197.1281863	186.390477916	-4462.25709941	-4036.89724069	-4569.90914214	-3824.34723047
-17.5035750772	-4199.44622973	194.563178879	-4462.25709941	-4012.07390456	-4588.57258749	-3810.31987198
-17.0034763333	-4191.97761568	212.188182329	-4462.25709941	-3981.14612438	-4616.35398034	-3767.60125103
-16.5033773893	-4175.70171079	226.88313815	-4462.25709941	-3947.63218133	-4629.46798709	-3721.93543449
-16.0032782452	-4158.94872679	231.811997511	-4462.25709941	-3884.7730168	-4622.57272181	-3695.32473177
-15.503178901	-4129.28282924	226.98122995	-4462.25709941	-3882.29760095	-4583.24528914	-3675.32036934
-15.0030793567	-4095.64464189	220.311571516	-4462.25709941	-3869.51534271	-4536.26778493	-3655.02149886
-14.5029796123	-4064.1622309	221.258606666	-4462.25709941	-3860.30282613	-4506.67944423	-3621.64501756
-14.0028796679	-4032.46967801	199.657262457	-4462.25709941	-3859.87579631	-4431.78420292	-3633.15515309
-13.5027795234	-4020.04609645	193.859379491	-4462.25709941	-3840.57735473	-4407.76485543	-3632.32733746
-13.0026791788	-4007.55120698	196.933003882	-4462.25709941	-3831.28386353	-4401.41721474	-3613.68519921
-12.5025786341	-3988.27753569	170.209041358	-4462.25709941	-3828.81100744	-4328.69561841	-3647.85945298
-12.0024778894	-3962.10750259	166.501243667	-4462.25709941	-3823.61808654	-4295.10998993	-3629.10501526
-11.5023769445	-3991.57998465	174.149866137	-4462.25709941	-3823.61808654	-4339.87971692	-3643.28025237
-11.0022757997	-4034.43604903	190.342661129	-4462.25709941	-3823.61808654	-4415.12137129	-3653.75072677
-10.5021744547	-4027.56693505	173.3120886	-4462.25709941	-3823.61808654	-4374.19111225	-3680.94275785
-10.0020729097	-4020.57969065	154.236866517	-4462.25709941	-3823.61808654	-4329.05342368	-3712.10595761
-9.50197116462	-4014.7081697	161.783919161	-4462.25709941	-3823.61808654	-4338.27600802	-3691.14033138
-9.00186921949	-4009.40122783	180.569979857	-4462.25709941	-3823.61808654	-4370.54118754	-3648.26126811
-8.5017670743	-4013.23371551	174.52341429	-4462.25709941	-3823.61808654	-4362.28054409	-3664.18688693
-8.00166472906	-4028.0880045	198.277172126	-4462.25709941	-3823.61808654	-4424.64234875	-3631.53366025
-7.50156218377	-4019.41553802	153.298871776	-4462.25709941	-3823.61808654	-4326.01328157	-3712.81779446
-7.00145943844	-4014.17189358	135.614517827	-4462.25709941	-3823.61808654	-4285.40092924	-3742.94285793
-6.50135649305	-4019.32326255	122.446333942	-4462.25709941	-3823.61808654	-4264.21593043	-3774.43059467
-6.00125334762	-4040.27423402	111.2708588	-4462.25709941	-3823.61808654	-4262.81595162	-3817.73251642
-5.50115000216	-4069.43901528	101.529798175	-4462.25709941	-3823.61808654	-4272.49861163	-3866.37941893
-5.00104645665	-4076.6353286	61.8404310962	-4462.25709941	-3823.61808654	-4200.31619079	-3952.95446641
-4.50094271111	-4103.78884541	62.6709484049	-4462.25709941	-3823.61808654	-4229.13074222	-3978.4469486
-4.00083876553	-4154.10007537	133.97326479	-4462.25709941	-3823.61808654	-4422.04660495	-3886.15354579
-3.50073461992	-4201.75839682	154.15789053	-4462.25709941	-3823.61808654	-4510.07417788	-3893.44261576
-3.00063027428	-4290.48315454	215.393677165	-4532.14829068	-3823.61808654	-4721.27050887	-3859.69580021
-2.50052572862	-4307.76064549	186.698007388	-4641.35912991	-3823.61808654	-4681.15666026	-3934.36463071
-2.00042098293	-4444.51055909	106.146739072	-4715.98723336	-3823.61808654	-4656.80403723	-4232.21708095
-1.50031603723	-4614.88619169	161.47459208	-4761.42063819	-3823.61808654	-4937.83537585	-4291.93700753
-1.0002108915	-4722.8840095	97.0867404118	-4792.9629503	-3823.61808654	-4917.05749033	-4528.71052868
-0.500105545756	-4752.277075	71.5633964855	-4804.56465251	-3823.61808654	-4895.40386797	-4609.15028202
0	-4735.62811326	45.0901804685	-4804.56465251	-3823.61808654	-4825.8084742	-4645.44775232
0.500105745769	-4737.35245524	44.6567113988	-4804.56465251	-3823.61808654	-4826.66587803	-4648.03903244
1.00021169155	-4728.09964717	38.7061798708	-4804.56465251	-3823.61808654	-4805.51200691	-4650.68728743
1.50031783733	-4704.08346406	49.5917012418	-4804.56465251	-3823.61808654	-4803.26686654	-4604.90006157
2.00042418312	-4673.50211039	52.9435420428	-4804.56465251	-3823.61808654	-4779.38919448	-4567.61502631
2.5005307289	-4654.19041714	50.6005172563	-4804.56465251	-3823.61808654	-4755.39145165	-4552.98938263
3.00063747469	-4653.22250222	81.0896821782	-4804.56465251	-3823.61808654	-4815.40186658	-4491.04313786
3.50074442048	-4642.21074185	44.8631025324	-4804.56465251	-3823.61808654	-4731.93694691	-4552.48453678
4.00085156625	-4614.71482685	65.9348227154	-4804.56465251	-3823.61808654	-4746.58447228	-4482.84518141
4.50095891202	-4593.60063563	62.0719826534	-4804.56465251	-3823.61808654	-4717.74460093	-4469.45667032
5.00106645778	-4577.56056743	24.8138711302	-4804.56465251	-3823.61808654	-4627.18830969	-4527.93282517
5.50117420352	-4560.95309174	76.2150061576	-4804.56465251	-3823.61808654	-4713.38310406	-4408.52307943
6.00128214925	-4567.20405111	67.8391112984	-4804.56465251	-3823.61808654	-4702.8822737	-4431.52582851
6.50139029495	-4560.99050568	47.4068283883	-4804.56465251	-3823.61808654	-4655.80416246	-4466.1768489
7.00149864064	-4575.84168509	65.9834002823	-4804.56465251	-3823.61808654	-4707.80848565	-4443.87488452
7.5016071863	-4592.51979955	62.9097410545	-4804.56465251	-3823.61808654	-4718.33928166	-4466.70031744
8.00171593194	-4598.3621008	87.8044947229	-4804.56465251	-3823.61808654	-4773.97109024	-4422.75311135
8.50182487754	-4558.86460918	112.556376534	-4804.56465251	-3823.61808654	-4783.97736225	-4333.75185611
9.00193402311	-4557.86706466	93.6123994816	-4804.56465251	-3823.61808654	-4745.09186362	-4370.64226569
9.50204336865	-4534.82097602	92.2685235169	-4804.56465251	-3823.61808654	-4719.35802306	-4350.28392899
10.0021529142	-4558.97502701	116.059523711	-4804.56465251	-3823.61808654	-4791.09407443	-4326.85597959
10.5022626596	-4509.56024566	97.7969993951	-4804.56465251	-3823.61808654	-4705.15424445	-4313.96624687
11.002372605	-4515.59235778	112.418116624	-4804.56465251	-3823.61808654	-4740.42859103	-4290.75612454
11.5024827504	-4511.45059034	114.538770248	-4804.56465251	-3823.61808654	-4740.52813083	-4282.37304984
12.0025930957	-4451.65251769	120.286875234	-4804.56465251	-3823.61808654	-4692.22626816	-4211.07876722
12.502703641	-4428.21620204	118.215912107	-4804.56465251	-3823.61808654	-4664.64802626	-4191.78437783
13.0028143862	-4410.37114954	59.7128480446	-4804.56465251	-3823.61808654	-4529.79684563	-4290.94545345
13.5029253314	-4413.26395757	115.45429823	-4804.56465251	-3823.61808654	-4644.17255403	-4182.35536111
14.0030364765	-4434.80511164	74.7168730631	-4804.56465251	-3823.61808654	-4584.23885777	-4285.37136552
14.5031478216	-4452.92521538	65.2902165291	-4804.56465251	-3823.61808654	-4583.50564844	-4322.34478232
15.0032593666	-4433.41076828	68.2928487419	-4804.56465251	-3823.61808654	-4569.99646577	-4296.8250708
15.5033711115	-4410.40541005	109.139026463	-4804.56465251	-3823.61808654	-4628.68346298	-4192.12735713
16.0034830563	-4414.28190231	147.346736896	-4804.56465251	-3823.61808654	-4708.9753761	-4119.58842852
16.5035952011	-4425.97180477	162.284138941	-4804.56465251	-3823.61808654	-4750.54008265	-4101.40352688
17.0037075458	-4427.00163553	87.5062992803	-4804.56465251	-3823.61808654	-4602.0142341	-4251.98903697
17.5038200905	-4418.05032786	118.481007114	-4804.56465251	-3823.61808654	-4655.01234209	-4181.08831363
18.003932835	-4394.58688808	157.521789317	-4804.56465251	-3823.61808654	-4709.63046672	-4079.54330945
18.5040457795	-4384.73903361	128.774449738	-4804.56465251	-3823.61808654	-4642.28793309	-4127.19013413
19.0041589239	-4388.41265603	126.866433249	-4804.56465251	-3823.61808654	-4642.14552253	-4134.67978953
19.5042722682	-4396.00662464	80.89764977	-4804.56465251	-3823.61808654	-4557.80192418	-4234.2113251
20.0043858124	-4382.95790307	71.205133012	-4804.56465251	-3823.61808654	-4525.36816909	-4240.54763704
20.5044995565	-4384.35062174	87.4145488198	-4804.56465251	-3823.61808654	-4559.17971938	-4209.5215241
21.0046135005	-4376.9197371	85.4229307387	-4804.56465251	-3823.61808654	-4547.76559858	-4206.07387562
21.5047276444	-4362.03111459	107.984327058	-4804.56465251	-3823.61808654	-4577.9997687	-4146.06246047
22.0048419882	-4344.73523759	104.88353162	-4804.56465251	-3823.61808654	-4554.50230083	-4134.96817434
22.504956532	-4334.34954691	141.226176468	-4804.56465251	-3823.61808654	-4616.80189985	-4051.89719397
23.0050712756	-4331.54918361	138.531449766	-4804.56465251	-3823.61808654	-4608.61208314	-4054.48628408
23.5051862191	-4351.71203947	161.165519019	-4804.56465251	-3823.61808654	-4674.04307751	-4029.38100143
24.0053013625	-4384.14570914	140.164579787	-4804.56465251	-3823.61808654	-4664.47486872	-4103.81654957
24.5054167057	-4363.09453104	155.169811173	-4804.56465251	-3823.61808654	-4673.43415339	-4052.75490869
25.0055322489	-4361.22226312	148.458085995	-4804.56465251	-3823.61808654	-4658.13843511	-4064.30609113
