-50.0095641234 -1.83337790865
-49.5094783903 -2.45592283731
-49.009392457 -2.82127536421
-48.5093063235 -3.12378393028
-48.0092199897 -3.25896301711
-47.5091334557 -3.03583263811
-47.0090467215 -1.48703967946
-46.508959787 0.0644292972522
-46.0088726524 1.29355372731
-45.5087853175 0.317589893362
-45.0086977824 0.430647978884
-44.5086100471 0.663395128366
-44.0085221115 0.499644871995
-43.5084339758 0.0766661633931
-43.0083456398 -0.251532217989
-42.5082571037 -0.457049563728
-42.0081683673 -0.703794495152
-41.5080794307 -0.888030825304
-41.0079902939 -0.989105208496
-40.507900957 -1.33114710637
-40.0078114198 -1.05491691986
-39.5077216824 -0.706716356302
-39.0076317448 -0.61715128211
-38.5075416071 -0.416293074638
-38.0074512691 -0.267519303293
-37.507360731 -0.0904218958292
-37.0072699927 0.555958557062
-36.5071790542 1.28667846788
-36.0070879155 1.91106727644
-35.5069965767 1.51190022342
-35.0069050376 0.830981211049
-34.5068132984 0.249415282635
-34.006721359 0.0294677252814
-33.5066292195 -0.244898067327
-33.0065368797 -0.635521775701
-32.5064443399 -1.17486822408
-32.0063515998 -1.8308630259
-31.5062586596 -2.52393260751
-31.0061655192 -3.19642445487
-30.5060721787 -3.79142379803
-30.005978638 -4.31847271152
-29.5058848972 -4.15426763362
-29.0057909562 -3.86181780119
-28.5056968151 -3.54004119605
-28.0056024738 -3.93200321644
-27.5055079324 -4.61521201343
-27.0054131908 -4.37957598843
-26.5053182491 -3.88411427987
-26.0052231073 -3.78531314232
-25.5051277653 -4.00868927979
-25.0050322232 -3.3256703455
-24.5049364809 -2.99842886724
-24.0048405386 -3.2267260773
-23.5047443961 -2.95407860447
-23.0046480535 -2.80124201751
-22.5045515107 -1.56321325263
-22.0044547679 -0.551787770395
-21.5043578249 0.107584656729
-21.0042606818 1.62955083302
-20.5041633386 2.52004303657
-20.0040657953 4.85568850892
-19.5039680519 6.68606976068
-19.0038701084 7.40037405983
-18.5037719648 8.04342676172
-18.003673621 8.63992183091
-17.5035750772 9.21646874987
-17.0034763333 9.80652976129
-16.5033773893 10.4333704133
-16.0032782452 11.0971453677
-15.503178901 11.7781052848
-15.0030793567 12.4631950451
-14.5029796123 13.1635263089
-14.0028796679 13.8393566032
-13.5027795234 14.489776944
-13.0026791788 15.1441191923
-12.5025786341 15.8249401171
-12.0024778894 16.4581750785
-11.5023769445 17.0226133708
-11.0022757997 17.5491584465
-10.5021744547 18.0247591198
-10.0020729097 18.383792237
-9.50197116462 18.5816083042
-9.00186921949 18.2878570549
-8.5017670743 17.4570025213
-8.00166472906 16.4257412484
-7.50156218377 14.0530532279
-7.00145943844 12.1796298911
-6.50135649305 11.4696521563
-6.00125334762 10.6078591558
-5.50115000216 9.59368955293
-5.00104645665 8.36830209126
-4.50094271111 6.50970669919
-4.00083876553 5.22646850578
-3.50073461992 3.96987680668
-3.00063027428 2.4765493939
-2.50052572862 0.780689170646
-2.00042098293 -0.997318219105
-1.50031603723 -2.79536105241
-1.0002108915 -4.56826325371
-0.500105545756 -6.3274147578
0 -8.02456250836
0.500105745769 -9.57587388631
1.00021169155 -10.9472645798
1.50031783733 -12.259013535
2.00042418312 -13.5339311628
2.5005307289 -14.6806040156
3.00063747469 -15.7034454686
3.50074442048 -16.4552953273
4.00085156625 -16.6632719876
4.50095891202 -16.6878253728
5.00106645778 -16.1754211267
5.50117420352 -16.1009026821
6.00128214925 -16.0876417402
6.50139029495 -16.1874725611
7.00149864064 -16.2038885106
7.5016071863 -15.8895696246
8.00171593194 -16.334315317
8.50182487754 -15.8314227907
9.00193402311 -15.3371589043
9.50204336865 -14.5328837858
10.0021529142 -13.6780007657
10.5022626596 -12.7951558892
11.002372605 -11.8572629787
11.5024827504 -11.4141332532
12.0025930957 -11.0095258048
12.502703641 -10.5895734375
13.0028143862 -10.2202601059
13.5029253314 -9.88144689192
14.0030364765 -9.53689791465
14.5031478216 -8.91929324049
15.0032593666 -7.95886736791
15.5033711115 -6.87570419042
16.0034830563 -5.67863807102
16.5035952011 -4.41936449784
17.0037075458 -3.60786910938
17.5038200905 -3.07607751065
18.003932835 -2.60380664942
18.5040457795 -2.00746637986
19.0041589239 -1.46029147418
19.5042722682 -1.09947144219
20.0043858124 -0.845545401142
20.5044995565 -0.430775531281
21.0046135005 -0.0118389568451
21.5047276444 0.436801985897
22.0048419882 0.886536421938
22.504956532 1.28137621555
23.0050712756 1.65364574708
23.5051862191 1.73864438048
24.0053013625 1.62568133815
24.5054167057 1.4897360291
25.0055322489 1.65721765608
25.5056479919 2.43066500624
26.0057639349 2.48911045885
26.5058800776 2.22080805201
27.0059964203 2.19178739166
27.5061129628 2.44298665985
28.0062297052 2.5299583782
28.5063466475 2.01774248475
29.0064637896 1.22017610371
29.5065811316 0.155408763528
30.0066986734 -1.09078837964
30.5068164151 -1.71515113951
31.0069343567 -2.01456802205
31.507052498 -2.99600374279
32.0071708393 -4.02851525056
32.5072893803 -4.73668978525
33.0074081212 -4.45593556945
33.507527062 -5.47823685177
34.0076462026 -5.06752721672
34.507765543 -4.43125681662
35.0078850832 -4.31301256199
35.5080048233 -4.62003526288
36.0081247631 -4.69827526133
36.5082449028 -4.47723588274
37.0083652423 -3.9456468141
37.5084857817 -3.19940709517
38.0086065208 -2.82009651015
38.5087274597 -2.58232451129
39.0088485985 -1.95853185672
39.508969937 -1.53062557643
40.0090914754 -1.18815937906
40.5092132135 -0.980917212321
41.0093351515 -0.957948736566
41.5094572892 -1.28097467414
42.0095796267 -2.18788817146
42.509702164 -3.15925863565
43.009824901 -4.10838127317
43.5099478379 -4.62139427416
44.0100709745 -4.91046616468
44.5101943109 -5.05241896712
45.0103178471 -5.07529727094
45.510441583 -5.03438056181
46.0105655187 -4.96892203653
46.5106896542 -4.86299295199
47.0108139894 -4.73987531872
47.5109385244 -4.63647262237
48.0110632591 -4.55518702304
48.5111881936 -4.14669603086
49.0113133278 -3.85407910727
49.5114386617 -3.75197798536
50.0115641954 -3.70641426047
