B  1
  0.00 0.00 1
 10.00 0.00 1
B  2
  7.02 3.14 1
  7.01 3.60 1
  7.22 3.58 1
  7.29 3.11 1
B  3
  2.12 2.66 1
  2.27 3.42 1
  2.88 3.88 1
  3.87 2.84 1
B  4
  0.00 1.00 1
  1.59 0.82 1
  1.90 0.87 1
  2.57 0.42 1
  3.57 1.04 1
 10.00 1.00 1
B  5
  0.00 1.40 1
  1.59 0.82 1
  1.90 0.87 1
  3.57 1.04 1
 10.00 1.40 1
B  0
  0.00 0.00 1 0.00 1
 10.00 0.00 1 0.00 1
B  1
  7.02 0.13 1 0.13 1
  7.01 0.13 1 0.13 1
  7.22 0.13 1 0.13 1
  7.29 0.13 1 0.13 1
B  2
  2.12 2.06 1 2.06 1
  2.27 2.06 1 2.06 1
  2.88 2.06 1 2.06 1
  3.87 2.06 1 2.06 1
B  3
  0.00 7.90 1 7.90 1
  1.59 7.90 1 7.90 1
  1.90 7.90 1 7.90 1
  2.57 7.90 1 7.90 1
  3.57 7.90 1 7.90 1
 10.00 7.90 1 7.90 1
