>one
7.024518137242282 3.1415446001166831
7.0114186922038808 3.6000251764607718
7.2210098128183215 3.583650870162769
7.2930567605295362 3.1087959875206757
>two
2.1220478606775011 2.6575393437958272
2.2745969927089753 3.4202850039531985
2.8847935208348705 3.8779324000476212
3.8678879272599271 2.8439882829454071
>three
0.0 1.0009999999999999
1.5947981688244202 0.81639310580022695
1.9026351272268807 0.86551602469423727
2.5742707838842191 0.41614742645670333
3.5685409508976607 1.0448770908916742
10.0 1.0009999999999999
>four
0.0 1.4009999999999998
1.5947981688244202 0.81639310580022695
1.9026351272268807 0.86551602469423727
3.5685409508976607 1.0448770908916742
10.0 1.4009999999999998
