1.000000 -0.254375
2.000000 -0.254375
3.000000 -1.064500
4.000000 -1.237740
5.000000 -1.901050
6.000000 -3.265200
7.000000 -4.166250
8.000000 -4.417900
9.000000 -3.785500
10.000000 -2.483950
11.000000 -1.656000
12.000000 -1.259700
13.000000 -0.864200
14.000000 -0.649200
15.000000 -0.765350
16.000000 -0.821950
17.000000 -0.598200
18.000000 -0.392350
19.000000 -0.207650
20.000000 -0.068850
21.000000 0.071450
22.000000 0.348600
23.000000 0.697650
24.000000 0.840650
25.000000 0.680950
26.000000 0.515850
27.000000 0.685000
28.000000 1.166800
29.000000 1.770600
30.000000 2.325050
31.000000 2.677400
32.000000 2.622700
33.000000 2.594950
34.000000 2.485000
35.000000 1.999900
36.000000 1.736650
37.000000 1.485400
38.000000 0.774000
39.000000 0.153650
40.000000 0.036600
41.000000 -0.008750
42.000000 -0.107750
43.000000 0.019800
44.000000 0.401400
45.000000 0.602800
46.000000 0.538700
47.000000 0.323400
48.000000 0.074000
49.000000 0.074000
