0.000 -141.702
0.100 -142.307
0.200 -142.945
0.300 -143.618
0.400 -144.330
0.500 -145.082
0.600 -145.876
0.700 -146.716
0.800 -147.607
0.900 -148.556
1.000 -149.567
1.100 -150.644
1.200 -151.772
1.300 -152.929
1.400 -154.095
1.500 -155.249
1.600 -156.370
1.700 -157.437
1.800 -158.426
1.900 -159.313
2.000 -160.074
2.100 -160.682
2.200 -161.112
2.300 -161.339
2.400 -161.343
2.500 -161.119
2.600 -160.680
2.700 -160.060
2.800 -159.316
2.900 -158.511
3.000 -157.704
3.100 -156.936
3.200 -156.225
3.300 -155.571
3.400 -154.961
3.500 -154.368
3.600 -153.764
3.700 -153.122
3.800 -152.432
3.900 -151.685
4.000 -150.866
4.100 -149.942
4.200 -148.832
4.300 -147.628
4.400 -146.375
4.500 -145.105
4.600 -143.849
4.700 -142.637
4.800 -141.507
4.900 -140.506
5.000 -139.708
5.100 -139.266
5.200 -139.036
5.300 -138.954
5.400 -138.980
5.500 -139.084
5.600 -139.238
5.700 -139.417
5.800 -139.597
5.900 -139.754
6.000 -139.868
6.100 -139.942
6.200 -139.979
6.300 -139.981
6.400 -139.989
6.500 -140.029
6.600 -140.141
6.700 -140.411
6.800 -140.803
6.900 -141.321
7.000 -141.980
7.100 -142.796
7.200 -143.773
7.300 -144.896
7.400 -146.125
7.500 -147.400
7.600 -148.648
7.700 -149.798
7.800 -150.788
7.900 -151.578
8.000 -152.155
8.100 -152.525
8.200 -152.709
8.300 -152.732
8.400 -152.623
8.500 -152.409
8.600 -152.115
8.700 -151.765
8.800 -151.380
8.900 -150.979
9.000 -150.576
9.100 -150.189
9.200 -149.832
9.300 -149.538
9.400 -149.278
9.500 -149.040
9.600 -148.814
9.700 -148.593
9.800 -148.369
9.900 -148.137
10.000 -147.888
10.100 -147.620
10.200 -147.326
10.300 -147.002
10.400 -146.646
10.500 -146.255
10.600 -145.828
10.700 -145.365
10.800 -144.868
10.900 -144.339
11.000 -143.783
11.100 -143.204
11.200 -142.610
11.300 -142.007
11.400 -141.403
11.500 -140.810
11.600 -140.240
11.700 -139.713
11.800 -139.224
11.900 -138.770
12.000 -138.355
12.100 -137.981
12.200 -137.646
12.300 -137.350
12.400 -137.090
12.500 -136.864
12.600 -136.666
12.700 -136.493
12.800 -136.340
12.900 -136.200
13.000 -136.068
13.100 -135.939
13.200 -135.805
13.300 -135.663
13.400 -135.508
13.500 -135.337
13.600 -135.152
13.700 -134.951
13.800 -134.739
13.900 -134.519
14.000 -134.295
14.100 -134.073
14.200 -133.858
14.300 -133.655
14.400 -133.468
14.500 -133.297
14.600 -133.141
14.700 -132.997
14.800 -132.855
14.900 -132.703
15.000 -132.520
15.100 -132.281
15.200 -131.955
15.300 -131.500
15.400 -130.864
15.500 -129.989
15.600 -128.834
15.700 -127.469
15.800 -125.985
15.900 -124.470
16.000 -123.009
16.100 -121.681
16.200 -120.562
16.300 -119.705
16.400 -119.127
16.500 -118.812
16.600 -118.728
16.700 -118.829
16.800 -119.065
16.900 -119.380
17.000 -119.713
17.100 -120.011
17.200 -120.257
17.300 -120.451
17.400 -120.598
17.500 -120.703
17.600 -120.767
17.700 -120.790
17.800 -120.772
17.900 -120.711
18.000 -120.604
18.100 -120.446
18.200 -120.234
18.300 -119.961
18.400 -119.621
18.500 -119.219
18.600 -118.760
18.700 -118.250
18.800 -117.692
18.900 -117.091
19.000 -116.452
19.100 -115.782
19.200 -115.085
19.300 -114.368
19.400 -113.640
19.500 -112.906
19.600 -112.174
19.700 -111.453
19.800 -110.748
19.900 -110.067
20.000 -109.416
20.100 -108.800
20.200 -108.223
20.300 -107.689
20.400 -107.200
20.500 -106.757
20.600 -106.362
20.700 -106.013
20.800 -105.711
20.900 -105.453
21.000 -105.236
21.100 -105.058
21.200 -104.914
21.300 -104.797
21.400 -104.702
21.500 -104.621
21.600 -104.546
21.700 -104.468
21.800 -104.379
21.900 -104.271
22.000 -104.134
22.100 -103.959
22.200 -103.738
22.300 -103.464
22.400 -103.129
22.500 -102.728
22.600 -102.258
22.700 -101.716
22.800 -101.104
22.900 -100.422
23.000 -99.676
23.100 -98.872
23.200 -98.017
23.300 -97.118
23.400 -96.187
23.500 -95.233
23.600 -94.269
23.700 -93.307
23.800 -92.357
23.900 -91.429
24.000 -90.530
24.100 -89.665
24.200 -88.835
24.300 -88.050
24.400 -87.313
24.500 -86.628
24.600 -85.998
24.700 -85.422
24.800 -84.900
24.900 -84.433
25.000 -84.019
25.100 -83.657
25.200 -83.347
25.300 -83.090
25.400 -82.884
25.500 -82.733
25.600 -82.636
25.700 -82.590
25.800 -82.587
25.900 -82.614
26.000 -82.657
26.100 -82.702
26.200 -82.738
26.300 -82.751
26.400 -82.732
26.500 -82.673
26.600 -82.569
26.700 -82.419
26.800 -82.222
26.900 -81.976
27.000 -81.682
27.100 -81.337
27.200 -80.941
27.300 -80.492
27.400 -79.991
27.500 -79.447
27.600 -78.885
27.700 -78.263
27.800 -77.559
27.900 -76.755
28.000 -75.841
28.100 -74.806
28.200 -73.643
28.300 -72.348
28.400 -70.922
28.500 -69.369
28.600 -67.708
28.700 -65.968
28.800 -64.191
28.900 -62.424
29.000 -60.720
29.100 -59.112
29.200 -57.581
29.300 -56.090
29.400 -54.596
29.500 -53.060
29.600 -51.439
29.700 -49.688
29.800 -47.763
29.900 -45.635
30.000 -43.306
30.100 -40.792
30.200 -38.116
30.300 -35.300
30.400 -32.366
30.500 -29.338
30.600 -26.237
30.700 -23.090
30.800 -19.923
30.900 -16.764
31.000 -13.641
31.100 -10.581
31.200 -7.603
31.300 -4.717
31.400 -1.917
31.500 0.816
31.600 3.475
31.700 5.950
31.800 8.114
31.900 9.858
32.000 11.109
32.100 11.829
32.200 12.011
32.300 11.691
32.400 10.937
32.500 9.866
32.600 8.510
32.700 6.923
32.800 5.153
32.900 3.245
33.000 1.237
33.100 -0.828
33.200 -2.902
33.300 -4.941
33.400 -6.913
33.500 -8.800
33.600 -10.591
33.700 -12.260
33.800 -13.805
33.900 -15.311
34.000 -17.062
34.100 -19.924
34.200 -23.024
34.300 -26.025
34.400 -28.752
34.500 -31.119
34.600 -33.126
34.700 -34.779
34.800 -36.045
34.900 -36.880
35.000 -37.484
35.100 -38.040
35.200 -38.667
35.300 -39.415
35.400 -40.238
35.500 -40.973
35.600 -41.399
35.700 -41.661
35.800 -41.874
35.900 -42.078
36.000 -42.257
36.100 -42.362
36.200 -42.343
36.300 -42.189
36.400 -41.985
36.500 -41.848
36.600 -41.858
36.700 -42.011
36.800 -42.254
36.900 -42.516
37.000 -42.736
37.100 -42.869
37.200 -42.895
37.300 -42.815
37.400 -42.649
37.500 -42.421
37.600 -42.161
37.700 -41.892
37.800 -41.627
37.900 -41.371
38.000 -41.123
38.100 -40.884
38.200 -40.653
38.300 -40.430
38.400 -40.218
38.500 -40.021
38.600 -39.841
38.700 -39.682
38.800 -39.548
38.900 -39.439
39.000 -39.355
39.100 -39.294
39.200 -39.251
39.300 -39.223
39.400 -39.207
39.500 -39.199
39.600 -39.197
39.700 -39.200
39.800 -39.206
39.900 -39.217
40.000 -39.230
40.100 -39.247
40.200 -39.268
40.300 -39.291
40.400 -39.317
40.500 -39.347
40.600 -39.378
40.700 -39.413
40.800 -39.449
40.900 -39.487
41.000 -39.527
41.100 -39.568
41.200 -39.609
41.300 -39.651
41.400 -39.694
41.500 -39.736
41.600 -39.779
41.700 -39.823
41.800 -39.867
41.900 -39.912
42.000 -39.958
42.100 -40.008
42.200 -40.060
42.300 -40.117
42.400 -40.179
42.500 -40.247
42.600 -40.322
42.700 -40.404
42.800 -40.495
42.900 -40.595
43.000 -40.704
43.100 -40.822
43.200 -40.950
43.300 -41.087
43.400 -41.233
43.500 -41.388
43.600 -41.550
43.700 -41.718
43.800 -41.891
43.900 -42.068
44.000 -42.245
44.100 -42.422
44.200 -42.594
44.300 -42.758
44.400 -42.912
44.500 -43.051
44.600 -43.170
44.700 -43.266
44.800 -43.332
44.900 -43.365
45.000 -43.360
45.100 -43.312
45.200 -43.219
45.300 -43.079
45.400 -42.890
45.500 -42.656
45.600 -42.380
45.700 -42.070
45.800 -41.736
45.900 -41.392
46.000 -41.053
46.100 -40.734
46.200 -40.454
46.300 -40.228
46.400 -40.076
46.500 -40.028
46.600 -40.042
46.700 -40.077
46.800 -40.094
46.900 -40.105
47.000 -40.121
47.100 -40.143
47.200 -40.171
47.300 -40.200
47.400 -40.225
47.500 -40.245
47.600 -40.257
47.700 -40.261
47.800 -40.256
47.900 -40.244
48.000 -40.225
48.100 -40.199
48.200 -40.168
48.300 -40.133
48.400 -40.094
48.500 -40.052
48.600 -40.009
48.700 -39.967
48.800 -39.932
48.900 -39.900
49.000 -39.868
49.100 -39.837
49.200 -39.808
49.300 -39.781
49.400 -39.758
49.500 -39.743
49.600 -39.737
49.700 -39.745
49.800 -39.769
49.900 -39.813
50.000 -39.883
50.100 -39.981
50.200 -40.110
50.300 -40.282
50.400 -40.504
50.500 -40.785
50.600 -41.129
50.700 -41.540
50.800 -42.020
50.900 -42.568
51.000 -43.183
51.100 -43.861
51.200 -44.594
51.300 -45.375
51.400 -46.191
51.500 -47.027
51.600 -47.863
51.700 -48.678
51.800 -49.445
51.900 -50.135
52.000 -50.716
