0.0 398.453795727
0.5 392.180391991
1.0 335.010263266
1.5 288.710268962
2.0 284.459296762
2.5 309.822762901
3.0 337.398664287
3.5 338.103972074
4.0 287.072812326
4.5 237.199668976
5.0 240.262004746
5.5 294.90877379
6.0 348.407685786
6.5 363.521049381
7.0 381.777398827
7.5 413.032438661
8.0 428.582785239
8.5 410.804092119
9.0 391.369089383
9.5 412.829087717
10.0 459.457750848
10.5 507.416388637
11.0 539.586953588
11.5 584.627738101
12.0 628.77191189
12.5 641.574128798
13.0 616.758843838
13.5 591.543963204
14.0 570.821404987
14.5 530.113713402
15.0 496.042699062
15.5 460.443016799
16.0 411.118910366
16.5 369.192901039
17.0 321.944919401
17.5 265.457060358
18.0 279.176155964
18.5 328.582091378
19.0 342.094879844
19.5 348.827104357
20.0 355.697205461
20.5 353.176643194
21.0 345.314013731
21.5 337.160425709
22.0 346.380080573
22.5 367.387612088
23.0 381.258607154
23.5 428.867292025
24.0 491.097307991
24.5 508.949376606
25.0 484.701042174
25.5 462.938439541
26.0 448.285492742
26.5 441.677815231
27.0 423.078641567
27.5 370.902476169
28.0 322.606193047
28.5 314.499870423
29.0 372.388230079
29.5 383.950652929
30.0 362.61771712
30.5 378.364127585
31.0 382.268805177
31.5 393.858220618
32.0 406.108269282
32.5 390.918897329
33.0 363.711113744
33.5 330.968200186
34.0 315.104033879
34.5 318.48361182
35.0 296.633239229
35.5 258.211408531
36.0 214.492706735
36.5 182.212672769
37.0 154.19187023
37.5 145.294062844
38.0 142.109782055
38.5 160.717695274
39.0 154.702645345
39.5 139.266564119
40.0 121.359510831
40.5 116.321880494
41.0 146.801390887
41.5 182.095871325
42.0 181.537059416
42.5 137.775690529
43.0 80.2827136833
43.5 43.7168434682
44.0 34.4703804604
44.5 48.6282521617
45.0 96.5905653772
45.5 98.43140757
46.0 117.897730146
46.5 138.457404047
47.0 152.20386722
47.5 171.990000273
48.0 201.376212406
48.5 219.163746175
49.0 221.530074837
49.5 198.87835369
50.0 142.628174288
50.5 94.588152077
51.0 74.6929903716
51.5 72.570014511
52.0 81.9664459529
