-50.000004 0.121962
-49.900002 0.122001
-49.800003 0.122020
-49.700001 0.122061
-49.600002 0.122080
-49.500004 0.122104
-49.400002 0.122141
-49.300003 0.122173
-49.200001 0.122209
-49.100002 0.122224
-49.000004 0.122251
-48.900002 0.122298
-48.800003 0.122308
-48.700001 0.122353
-48.600002 0.122369
-48.500004 0.122413
-48.400002 0.122435
-48.300003 0.122468
-48.200001 0.122495
-48.100002 0.122509
-48.000004 0.122558
-47.900002 0.122593
-47.800003 0.122629
-47.700001 0.122645
-47.600002 0.122678
-47.500004 0.122721
-47.400002 0.122749
-47.300003 0.122771
-47.200001 0.122811
-47.100002 0.122859
-47.000004 0.122885
-46.900002 0.122913
-46.800003 0.122941
-46.700001 0.122962
-46.600002 0.123022
-46.500004 0.123029
-46.400002 0.123091
-46.300003 0.123121
-46.200001 0.123153
-46.100002 0.123183
-46.000004 0.123222
-45.900002 0.123237
-45.800003 0.123306
-45.700001 0.123319
-45.600002 0.123363
-45.500004 0.123399
-45.400002 0.123418
-45.300003 0.123475
-45.200001 0.123507
-45.100002 0.123523
-45.000004 0.123583
-44.900002 0.123596
-44.800003 0.123652
-44.700001 0.123684
-44.600002 0.123728
-44.500004 0.123764
-44.400002 0.123796
-44.300003 0.123849
-44.200001 0.123877
-44.100002 0.123924
-44.000004 0.123961
-43.900002 0.124002
-43.800003 0.124047
-43.700001 0.124089
-43.600002 0.124128
-43.500004 0.124148
-43.400002 0.124208
-43.300003 0.124250
-43.200001 0.124273
-43.100002 0.124307
-43.000004 0.124372
-42.900002 0.124404
-42.800003 0.124446
-42.700001 0.124490
-42.600002 0.124529
-42.500004 0.124570
-42.400002 0.124613
-42.300003 0.124666
-42.200001 0.124697
-42.100002 0.124738
-42.000004 0.124780
-41.900002 0.124844
-41.800003 0.124867
-41.700001 0.124911
-41.600002 0.124977
-41.500004 0.125023
-41.400002 0.125061
-41.300003 0.125114
-41.200001 0.125152
-41.100002 0.125197
-41.000004 0.125248
-40.900002 0.125306
-40.800003 0.125349
-40.700001 0.125391
-40.600002 0.125438
-40.500004 0.125484
-40.400002 0.125535
-40.300003 0.125592
-40.200001 0.125639
-40.100002 0.125678
-40.000000 0.125728
-39.900002 0.125795
-39.800003 0.125847
-39.700001 0.125895
-39.600002 0.125941
-39.500000 0.125983
-39.400002 0.126062
-39.300003 0.126104
-39.200001 0.126161
-39.100002 0.126222
-39.000000 0.126265
-38.900002 0.126337
-38.800003 0.126384
-38.700001 0.126433
-38.600002 0.126484
-38.500000 0.126549
-38.400002 0.126596
-38.300003 0.126670
-38.200001 0.126711
-38.100002 0.126767
-38.000000 0.126842
-37.900002 0.126891
-37.800003 0.126954
-37.700001 0.127015
-37.600002 0.127070
-37.500000 0.127124
-37.400002 0.127183
-37.300003 0.127248
-37.200001 0.127311
-37.100002 0.127366
-37.000000 0.127432
-36.900002 0.127489
-36.800003 0.127563
-36.700001 0.127635
-36.600002 0.127684
-36.500000 0.127756
-36.400002 0.127824
-36.300003 0.127882
-36.200001 0.127950
-36.100002 0.128020
-36.000000 0.128079
-35.900002 0.128151
-35.800003 0.128214
-35.700001 0.128283
-35.600002 0.128354
-35.500000 0.128419
-35.400002 0.128491
-35.300003 0.128557
-35.200001 0.128641
-35.100002 0.128707
-35.000000 0.128783
-34.900002 0.128847
-34.800003 0.128928
-34.700001 0.128996
-34.600002 0.129074
-34.500000 0.129156
-34.400002 0.129229
-34.300003 0.129300
-34.200001 0.129375
-34.100002 0.129447
-34.000000 0.129532
-33.900002 0.129609
-33.800003 0.129699
-33.700001 0.129779
-33.600002 0.129856
-33.500000 0.129938
-33.400002 0.130004
-33.300003 0.130100
-33.200001 0.130185
-33.100002 0.130269
-33.000000 0.130359
-32.900002 0.130436
-32.800003 0.130519
-32.700001 0.130618
-32.600002 0.130697
-32.500000 0.130781
-32.400002 0.130873
-32.300003 0.130952
-32.200001 0.131045
-32.100002 0.131146
-32.000000 0.131238
-31.900002 0.131326
-31.800001 0.131421
-31.700001 0.131501
-31.600002 0.131593
-31.500002 0.131701
-31.400002 0.131793
-31.300001 0.131896
-31.200001 0.131993
-31.100002 0.132084
-31.000002 0.132200
-30.900002 0.132294
-30.800001 0.132390
-30.700001 0.132496
-30.600002 0.132587
-30.500002 0.132703
-30.400002 0.132805
-30.300001 0.132913
-30.200001 0.133017
-30.100002 0.133122
-30.000002 0.133233
-29.900002 0.133345
-29.800001 0.133450
-29.700001 0.133566
-29.600002 0.133680
-29.500002 0.133787
-29.400002 0.133899
-29.300001 0.134013
-29.200001 0.134130
-29.100002 0.134243
-29.000002 0.134363
-28.900002 0.134475
-28.800001 0.134592
-28.700001 0.134721
-28.600002 0.134844
-28.500002 0.134967
-28.400002 0.135093
-28.300001 0.135209
-28.200001 0.135333
-28.100000 0.135465
-28.000002 0.135600
-27.900002 0.135727
-27.800001 0.135859
-27.700001 0.135993
-27.600000 0.136123
-27.500002 0.136259
-27.400002 0.136409
-27.300001 0.136542
-27.200001 0.136685
-27.100000 0.136821
-27.000002 0.136965
-26.900002 0.137105
-26.800001 0.137248
-26.700001 0.137392
-26.600000 0.137537
-26.500002 0.137682
-26.400002 0.137836
-26.300001 0.137980
-26.200001 0.138132
-26.100000 0.138287
-26.000002 0.138440
-25.900002 0.138609
-25.800001 0.138765
-25.700001 0.138927
-25.600000 0.139088
-25.500002 0.139255
-25.400002 0.139424
-25.300001 0.139579
-25.200001 0.139750
-25.100000 0.139924
-25.000002 0.140098
-24.900002 0.140265
-24.800001 0.140436
-24.700001 0.140617
-24.600000 0.140801
-24.500002 0.140980
-24.400002 0.141165
-24.300001 0.141352
-24.200001 0.141536
-24.100000 0.141721
-24.000002 0.141919
-23.900002 0.142103
-23.800001 0.142300
-23.700001 0.142499
-23.600000 0.142691
-23.500002 0.142897
-23.400002 0.143100
-23.300001 0.143303
-23.200001 0.143514
-23.100000 0.143719
-23.000002 0.143930
-22.900002 0.144148
-22.800001 0.144370
-22.700001 0.144585
-22.600000 0.144807
-22.500002 0.145028
-22.400002 0.145260
-22.300001 0.145485
-22.200001 0.145715
-22.100000 0.145949
-22.000002 0.146183
-21.900002 0.146428
-21.800001 0.146671
-21.700001 0.146914
-21.600000 0.147167
-21.500002 0.147407
-21.400002 0.147658
-21.300001 0.147920
-21.200001 0.148174
-21.100000 0.148442
-21.000002 0.148705
-20.900002 0.148972
-20.800001 0.149244
-20.700001 0.149518
-20.600000 0.149792
-20.500002 0.150078
-20.400002 0.150366
-20.300001 0.150649
-20.200001 0.150944
-20.100000 0.151236
-20.000000 0.151530
-19.900002 0.151838
-19.800001 0.152144
-19.700001 0.152447
-19.600000 0.152764
-19.500000 0.153083
-19.400002 0.153407
-19.300001 0.153721
-19.200001 0.154053
-19.100000 0.154399
-19.000000 0.154727
-18.900002 0.155066
-18.800001 0.155417
-18.700001 0.155765
-18.600000 0.156118
-18.500000 0.156479
-18.400002 0.156850
-18.300001 0.157218
-18.200001 0.157595
-18.100000 0.157970
-18.000000 0.158349
-17.900002 0.158739
-17.800001 0.159129
-17.700001 0.159528
-17.600000 0.159943
-17.500000 0.160347
-17.400002 0.160760
-17.300001 0.161183
-17.200001 0.161609
-17.100000 0.162045
-17.000000 0.162489
-16.900002 0.162926
-16.800001 0.163380
-16.700001 0.163842
-16.600000 0.164297
-16.500000 0.164768
-16.400002 0.165248
-16.300001 0.165739
-16.200001 0.166224
-16.100000 0.166722
-16.000000 0.167227
-15.900001 0.167739
-15.800001 0.168262
-15.700001 0.168790
-15.600000 0.169323
-15.500001 0.169867
-15.400001 0.170417
-15.300001 0.170977
-15.200001 0.171545
-15.100000 0.172117
-15.000001 0.172711
-14.900001 0.173305
-14.800001 0.173909
-14.700001 0.174521
-14.600000 0.175143
-14.500001 0.175770
-14.400001 0.176417
-14.300001 0.177067
-14.200001 0.177728
-14.100000 0.178403
-14.000001 0.179087
-13.900001 0.179784
-13.800000 0.180487
-13.700001 0.181204
-13.600000 0.181932
-13.500001 0.182676
-13.400001 0.183428
-13.300000 0.184193
-13.200001 0.184971
-13.100000 0.185765
-13.000001 0.186570
-12.900001 0.187385
-12.800000 0.188220
-12.700001 0.189067
-12.600000 0.189925
-12.500001 0.190801
-12.400001 0.191694
-12.300000 0.192606
-12.200001 0.193526
-12.100000 0.194467
-12.000001 0.195415
-11.900001 0.196397
-11.800000 0.197392
-11.700001 0.198393
-11.600000 0.199423
-11.500001 0.200471
-11.400001 0.201535
-11.300000 0.202624
-11.200001 0.203731
-11.100000 0.204851
-11.000001 0.206007
-10.900001 0.207169
-10.800000 0.208370
-10.700001 0.209581
-10.600000 0.210819
-10.500001 0.212080
-10.400001 0.213369
-10.300000 0.214685
-10.200001 0.216024
-10.100000 0.217394
-10.000000 0.218787
-9.900001 0.220210
-9.800000 0.221662
-9.700001 0.223147
-9.600000 0.224660
-9.500000 0.226200
-9.400001 0.227780
-9.300000 0.229391
-9.200001 0.231034
-9.100000 0.232718
-9.000000 0.234436
-8.900001 0.236181
-8.800000 0.237977
-8.700001 0.239812
-8.600000 0.241684
-8.500000 0.243596
-8.400001 0.245557
-8.300000 0.247560
-8.200001 0.249606
-8.100000 0.251704
-8.000000 0.253847
-7.900001 0.256046
-7.800000 0.258294
-7.700000 0.260592
-7.600000 0.262949
-7.500000 0.265360
-7.400001 0.267829
-7.300000 0.270365
-7.200000 0.272957
-7.100000 0.275619
-7.000000 0.278344
-6.900000 0.281140
-6.800000 0.284009
-6.700000 0.286949
-6.600000 0.289969
-6.500000 0.293065
-6.400000 0.296245
-6.300000 0.299512
-6.200000 0.302860
-6.100000 0.306301
-6.000000 0.309836
-5.900000 0.313473
-5.800000 0.317210
-5.700000 0.321052
-5.600000 0.325000
-5.500000 0.329063
-5.400000 0.333245
-5.300000 0.337545
-5.200000 0.341979
-5.100000 0.346538
-5.000000 0.351234
-4.900000 0.356075
-4.800000 0.361065
-4.700000 0.366205
-4.600000 0.371508
-4.500000 0.376977
-4.400000 0.382621
-4.300000 0.388449
-4.200000 0.394460
-4.100000 0.400672
-4.000000 0.407088
-3.900000 0.413721
-3.800000 0.420575
-3.700000 0.427666
-3.600000 0.435000
-3.500000 0.442591
-3.400000 0.450451
-3.300000 0.458590
-3.200000 0.467021
-3.100000 0.475766
-3.000000 0.484830
-2.900000 0.494229
-2.800000 0.503987
-2.700000 0.514116
-2.600000 0.524635
-2.500000 0.535573
-2.400000 0.546937
-2.300000 0.558758
-2.200000 0.571058
-2.100000 0.583861
-2.000000 0.597196
-1.900000 0.611093
-1.800000 0.625582
-1.700000 0.640697
-1.600000 0.656470
-1.500000 0.672944
-1.400000 0.690153
-1.300000 0.708145
-1.200000 0.726964
-1.100000 0.746663
-1.000000 0.767290
-0.900000 0.788912
-0.800000 0.811580
-0.700000 0.835362
-0.600000 0.860342
-0.500000 0.886588
-0.400000 0.914190
-0.300000 0.943244
-0.200000 0.973865
-0.100000 1.006223
0.000000 1.041109
0.100000 1.083294
0.200000 1.128222
0.300000 1.175355
0.400000 1.224797
0.500000 1.276690
0.600000 1.331204
0.700000 1.388527
0.800000 1.448864
0.900000 1.512445
1.000000 1.579510
1.100000 1.650329
1.200000 1.725187
1.300000 1.804406
1.400000 1.888324
1.500000 1.977317
1.600000 2.071796
1.700000 2.172205
1.800000 2.279033
1.900000 2.392811
2.000000 2.514127
2.100000 2.643622
2.200000 2.782005
2.300000 2.930060
2.400000 3.088658
2.500000 3.258763
2.600000 3.441473
2.700000 3.638016
2.800000 3.849812
2.900000 4.078491
3.000000 4.325970
3.100000 4.594557
3.200000 4.887051
3.300000 5.206993
3.400000 5.558967
3.500000 5.949194
3.600000 6.386588
3.700000 6.884948
3.800000 7.468046
3.900000 8.181987
4.000000 9.001116
4.100000 9.586521
4.200000 9.979820
4.300000 10.249959
4.400000 10.425732
4.500000 10.520949
4.600000 10.541950
4.700000 10.490122
4.800000 10.362305
4.900000 10.149689
5.000000 9.833707
5.100000 9.371928
5.200000 8.603795
5.300000 7.642041
5.400000 6.965696
5.500000 6.415300
5.600000 5.944208
5.700000 5.530579
5.800000 5.161735
5.900000 4.829409
6.000000 4.527763
6.100000 4.252476
6.200000 4.000182
6.300000 3.768203
6.400000 3.554329
6.500000 3.356720
6.600000 3.173793
6.700000 3.004193
6.800000 2.846729
6.900000 2.700346
7.000000 2.564112
7.100000 2.437189
7.200000 2.318824
7.300000 2.208335
7.400001 2.105099
7.500000 2.008561
7.600000 1.918204
7.700000 1.833563
7.800000 1.754214
7.900001 1.679757
8.000000 1.609839
8.100000 1.544126
8.200001 1.482314
8.300000 1.424131
8.400001 1.369317
8.500000 1.317637
8.600000 1.268876
8.700001 1.222829
8.800000 1.179316
8.900001 1.138164
9.000000 1.099217
9.100000 1.062328
9.200001 1.027366
9.300000 0.994201
9.400001 0.962723
9.500000 0.932824
9.600000 0.904408
9.700001 0.877365
9.800000 0.851615
9.900001 0.827025
10.000000 0.772233
10.100000 0.718525
10.200001 0.697190
10.300000 0.676887
10.400001 0.657504
10.500001 0.638986
10.600000 0.621278
10.700001 0.604337
10.800000 0.588114
10.900001 0.572576
11.000001 0.557689
11.100000 0.543407
11.200001 0.529704
11.300000 0.516558
11.400001 0.503924
11.500001 0.491790
11.600000 0.480129
11.700001 0.468909
11.800000 0.458112
11.900001 0.447724
12.000001 0.437721
12.100000 0.428082
12.200001 0.418791
12.300000 0.409833
12.400001 0.401197
12.500001 0.392855
12.600000 0.384811
12.700001 0.377039
12.800000 0.369529
12.900001 0.362274
13.000001 0.355258
13.100000 0.348470
13.200001 0.341910
13.300000 0.335556
13.400001 0.329410
13.500001 0.323450
13.600000 0.317687
13.700001 0.312097
13.800000 0.306678
13.900001 0.301427
14.000001 0.296338
14.100000 0.291390
14.200001 0.286594
14.300001 0.281942
14.400001 0.277424
14.500001 0.273030
14.600000 0.268764
14.700001 0.264618
14.800001 0.260587
14.900001 0.256668
15.000001 0.252860
15.100000 0.249153
15.200001 0.245547
15.300001 0.242040
15.400001 0.238626
15.500001 0.235298
15.600000 0.232062
15.700001 0.228905
15.800001 0.225830
15.900001 0.222835
16.000000 0.219917
16.100000 0.217070
16.200001 0.214297
16.300001 0.211585
16.400002 0.208940
16.500000 0.206370
16.600000 0.203860
16.700001 0.201407
16.800001 0.199006
16.900002 0.196663
17.000000 0.194383
17.100000 0.192152
17.200001 0.189970
17.300001 0.187836
17.400002 0.185753
17.500000 0.183717
17.600000 0.181731
17.700001 0.179785
17.800001 0.177882
17.900002 0.176022
18.000000 0.174200
18.100000 0.172415
18.200001 0.170676
18.300001 0.168965
18.400002 0.167301
18.500000 0.165663
18.600000 0.164067
18.700001 0.162492
18.800001 0.160961
18.900002 0.159458
19.000000 0.157978
19.100000 0.156537
19.200001 0.155124
19.300001 0.153739
19.400002 0.152380
19.500000 0.151047
19.600000 0.149738
19.700001 0.148461
19.800001 0.147204
19.900002 0.145975
20.000000 0.144759
20.100000 0.143575
20.200001 0.142408
20.300001 0.141270
20.400002 0.140152
20.500002 0.139049
20.600000 0.137967
20.700001 0.136915
20.800001 0.135866
20.900002 0.134842
21.000002 0.133845
21.100000 0.132856
21.200001 0.131889
21.300001 0.130937
21.400002 0.129998
21.500002 0.129090
21.600000 0.128182
21.700001 0.127294
21.800001 0.126422
21.900002 0.125561
22.000002 0.124721
22.100000 0.123892
22.200001 0.123082
22.300001 0.122281
22.400002 0.121486
22.500002 0.120716
22.600000 0.119957
22.700001 0.119207
22.800001 0.118475
22.900002 0.117736
23.000002 0.117031
23.100000 0.116324
23.200001 0.115637
23.300001 0.114955
23.400002 0.114284
23.500002 0.113623
23.600000 0.112981
23.700001 0.112339
23.800001 0.111705
23.900002 0.111081
24.000002 0.110471
24.100000 0.109878
24.200001 0.109286
24.300001 0.108710
24.400002 0.108135
24.500002 0.107565
24.600000 0.107010
24.700001 0.106456
24.800001 0.105918
24.900002 0.105389
25.000002 0.104854
25.100000 0.104340
25.200001 0.103837
25.300001 0.103320
25.400002 0.102831
25.500002 0.102336
25.600000 0.101858
25.700001 0.101389
25.800001 0.100921
25.900002 0.100451
26.000002 0.099999
26.100000 0.099547
26.200001 0.099108
26.300001 0.098677
26.400002 0.098235
26.500002 0.097813
26.600000 0.097395
26.700001 0.096979
26.800001 0.096578
26.900002 0.096167
27.000002 0.095766
27.100000 0.095370
27.200001 0.094992
27.300001 0.094600
27.400002 0.094232
27.500002 0.093855
27.600000 0.093492
27.700001 0.093120
27.800001 0.092770
27.900002 0.092423
28.000002 0.092059
28.100000 0.091723
28.200001 0.091381
28.300001 0.091041
28.400002 0.090706
28.500002 0.090389
28.600002 0.090059
28.700001 0.089730
28.800001 0.089419
28.900002 0.089109
29.000002 0.088798
29.100002 0.088497
29.200001 0.088202
29.300001 0.087907
29.400002 0.087615
29.500002 0.087313
29.600002 0.087025
29.700001 0.086748
29.800001 0.086471
29.900002 0.086188
30.000002 0.085918
30.100002 0.085641
30.200001 0.085381
30.300001 0.085121
30.400002 0.084856
30.500002 0.084597
30.600002 0.084351
30.700001 0.084090
30.800001 0.083837
30.900002 0.083600
31.000002 0.083355
31.100002 0.083109
31.200001 0.082869
31.300001 0.082638
31.400002 0.082412
31.500002 0.082175
31.600002 0.081953
31.700001 0.081727
31.800001 0.081500
31.900002 0.081287
32.000000 0.081063
32.100002 0.080838
32.200001 0.080631
32.300003 0.080431
32.400002 0.080216
32.500000 0.080011
32.600002 0.079796
32.700001 0.079603
32.800003 0.079394
32.900002 0.079196
33.000000 0.078996
33.100002 0.078809
33.200001 0.078611
33.300003 0.078434
33.400002 0.078239
33.500000 0.078048
33.600002 0.077863
33.700001 0.077702
33.800003 0.077512
33.900002 0.077327
34.000000 0.077159
34.100002 0.076977
34.200001 0.076802
34.300003 0.076639
34.400002 0.076467
34.500000 0.076296
34.600002 0.076132
34.700001 0.075951
34.800003 0.075804
34.900002 0.075654
35.000000 0.075484
35.100002 0.075330
35.200001 0.075170
35.300003 0.075019
35.400002 0.074864
35.500000 0.074715
35.600002 0.074555
35.700001 0.074415
35.800003 0.074269
35.900002 0.074114
36.000000 0.073972
36.100002 0.073812
36.200001 0.073682
36.300003 0.073542
36.400002 0.073389
36.500000 0.073255
36.600002 0.073124
36.700001 0.073000
36.800003 0.072839
36.900002 0.072720
37.000000 0.072588
37.100002 0.072450
37.200001 0.072325
37.300003 0.072198
37.400002 0.072070
37.500000 0.071927
37.600002 0.071822
37.700001 0.071682
37.800003 0.071567
37.900002 0.071447
38.000000 0.071325
38.100002 0.071220
38.200001 0.071097
38.300003 0.070982
38.400002 0.070858
38.500000 0.070753
38.600002 0.070637
38.700001 0.070515
38.800003 0.070398
38.900002 0.070302
39.000000 0.070192
39.100002 0.070068
39.200001 0.069980
39.300003 0.069860
39.400002 0.069763
39.500000 0.069647
39.600002 0.069540
39.700001 0.069427
39.800003 0.069333
39.900002 0.069242
40.000000 0.069135
40.100002 0.069037
40.200001 0.068925
40.300003 0.068832
40.400002 0.068747
40.500004 0.068642
40.600002 0.068545
40.700001 0.068452
40.800003 0.068337
40.900002 0.068250
41.000004 0.068165
41.100002 0.068068
41.200001 0.067975
41.300003 0.067892
41.400002 0.067793
41.500004 0.067713
41.600002 0.067610
41.700001 0.067525
41.800003 0.067447
41.900002 0.067352
42.000004 0.067282
42.100002 0.067178
42.200001 0.067105
42.300003 0.067017
42.400002 0.066940
42.500004 0.066835
42.600002 0.066755
42.700001 0.066683
42.800003 0.066618
42.900002 0.066520
43.000004 0.066445
43.100002 0.066385
43.200001 0.066292
43.300003 0.066217
43.400002 0.066140
43.500004 0.066080
43.600002 0.065980
43.700001 0.065907
43.800003 0.065833
43.900002 0.065768
44.000004 0.065692
44.100002 0.065623
44.200001 0.065543
44.300003 0.065462
44.400002 0.065402
44.500004 0.065328
44.600002 0.065252
44.700001 0.065187
44.800003 0.065117
44.900002 0.065050
45.000004 0.064978
45.100002 0.064937
45.200001 0.064859
45.300003 0.064779
45.400002 0.064719
45.500004 0.064644
45.600002 0.064589
45.700001 0.064515
45.800003 0.064460
45.900002 0.064392
46.000004 0.064324
46.100002 0.064255
46.200001 0.064200
46.300003 0.064144
46.400002 0.064074
46.500004 0.064012
46.600002 0.063945
46.700001 0.063899
46.800003 0.063830
46.900002 0.063782
47.000004 0.063714
47.100002 0.063665
47.200001 0.063595
47.300003 0.063544
47.400002 0.063485
47.500004 0.063427
47.600002 0.063385
47.700001 0.063314
47.800003 0.063277
47.900002 0.063222
48.000004 0.063149
48.100002 0.063117
48.200001 0.063060
48.300003 0.062999
48.400002 0.062930
48.500004 0.062894
48.600002 0.062844
48.700001 0.062786
48.800003 0.062727
48.900002 0.062679
49.000004 0.062609
49.100002 0.062557
49.200001 0.062527
49.300003 0.062476
49.400002 0.062427
49.500004 0.062376
49.600002 0.062336
49.700001 0.062279
49.800003 0.062224
49.900002 0.062187
50.000004 0.062124
50.100002 0.062087
50.200001 0.062036
50.300003 0.061996
50.400002 0.061951
50.500004 0.061896
50.600002 0.061851
50.700001 0.061791
50.800003 0.061744
50.900002 0.061707
51.000004 0.061681
51.100002 0.061634
51.200001 0.061567
51.300003 0.061522
51.400002 0.061477
51.500004 0.061443
51.600002 0.061403
51.700001 0.061358
51.800003 0.061304
51.900002 0.061271
52.000004 0.061241
52.100002 0.061174
52.200001 0.061148
52.300003 0.061108
52.400002 0.061063
52.500004 0.061009
52.600002 0.060976
52.700001 0.060936
52.800003 0.060898
52.900002 0.060851
53.000004 0.060828
53.100002 0.060779
53.200001 0.060759
53.300003 0.060699
53.400002 0.060656
53.500004 0.060631
53.600002 0.060589
53.700001 0.060576
53.800003 0.060501
53.900002 0.060476
54.000004 0.060458
54.100002 0.060400
54.200001 0.060356
54.300003 0.060328
54.400002 0.060296
54.500004 0.060266
54.600002 0.060235
54.700001 0.060195
54.800003 0.060173
54.900002 0.060115
55.000004 0.060083
55.100002 0.060053
55.200001 0.060018
55.300003 0.059976
55.400002 0.059936
55.500004 0.059913
55.600002 0.059871
55.700001 0.059838
55.800003 0.059811
55.900002 0.059776
56.000004 0.059741
56.100002 0.059723
56.200001 0.059666
56.300003 0.059620
56.400002 0.059588
56.500004 0.059587
56.600002 0.059553
56.700005 0.059515
56.800003 0.059478
56.900002 0.059457
57.000004 0.059407
57.100002 0.059372
57.200005 0.059348
57.300003 0.059320
57.400002 0.059302
57.500004 0.059275
57.600002 0.059247
57.700005 0.059183
57.800003 0.059163
57.900002 0.059155
58.000004 0.059113
58.100002 0.059067
58.200005 0.059052
58.300003 0.059050
58.400002 0.059008
58.500004 0.058957
58.600002 0.058940
58.700005 0.058907
58.800003 0.058892
58.900002 0.058853
59.000004 0.058818
59.100002 0.058805
59.200005 0.058768
59.300003 0.058747
59.400002 0.058727
59.500004 0.058672
59.600002 0.058655
59.700005 0.058652
59.800003 0.058597
59.900002 0.058585
